EYESAT-1 (AO-27)        
1 22825U 93061C   17227.87683730  .00000003  00000-0  19030-4 0  9999
2 22825  98.8177 194.2099 0008848 150.5192 209.6490 14.30002768245930
CUTE-1 (CO-55)          
1 27844U 03031E   17227.88197366  .00000048  00000-0  41283-4 0  9993
2 27844  98.6899 236.0203 0009910 167.8609 192.2809 14.22052271732805
CUBESAT XI-IV (CO-57)   
1 27848U 03031J   17227.54604289  .00000029  00000-0  33169-4 0  9990
2 27848  98.6991 235.9731 0009603 178.2850 181.8362 14.21665215732635
CUBESAT XI 5            
1 28895U 05043F   17226.90721311  .00000126  00000-0  33015-4 0  9991
2 28895  97.8714  26.5131 0015900 321.8101  38.1975 14.63419686628848
CUTE-1.7+APD II (CO-65) 
1 32785U 08021C   17227.22107021  .00000181  00000-0  25358-4 0  9997
2 32785  97.5643 248.7910 0012472 339.5905  20.4812 14.87921883503671
COMPASS-1               
1 32787U 08021E   17226.87424685  .00000193  00000-0  23977-4 0  9995
2 32787  97.5566 257.6925 0011188 306.8153  53.2040 14.92657889504257
AAUSAT-II               
1 32788U 08021F   17227.37741065  .00000722  00000-0  72897-4 0  9999
2 32788  97.5551 261.1207 0010407 295.9788  64.0360 14.93935045504518
DELFI-C3 (DO-64)        
1 32789U 08021G   17227.73187239  .00000613  00000-0  47401-4 0  9999
2 32789  97.5543 284.6994 0011156 256.9503 103.0478 15.05027826505829
CANX-2                  
1 32790U 08021H   17227.54800872  .00000165  00000-0  23826-4 0  9992
2 32790  97.5624 247.4387 0013184 339.8921  20.1775 14.87645708503665
SEEDS II (CO-66)        
1 32791U 08021J   17227.53260231  .00000265  00000-0  32720-4 0  9995
2 32791  97.5606 253.6352 0012332 321.4868  38.5469 14.90269721503987
SWISSCUBE               
1 35932U 09051B   17227.16685196  .00000127  00000-0  39813-4 0  9996
2 35932  98.5038   6.7524 0008824  73.8581 286.3586 14.56035079418905
BEESAT                  
1 35933U 09051C   17227.35453168  .00000107  00000-0  35092-4 0  9993
2 35933  98.5076   8.2927 0007097  85.1639 275.0368 14.56152365419039
ITUPSAT 1               
1 35935U 09051E   17227.03165874  .00000095  00000-0  33017-4 0  9995
2 35935  98.5187   8.2176 0009397  79.9627 280.2629 14.55343953418797
TISAT 1                 
1 36799U 10035E   17226.88826832  .00000455  00000-0  52690-4 0  9996
2 36799  98.0684 350.8271 0013559 130.7881 229.4514 14.90445158384528
M-CUBED & EXP-1 PRIME   
1 37855U 11061F   17227.17028534  .00000357  00000-0  27281-4 0  9995
2 37855 101.7078 128.5576 0179913 267.2824  90.7783 15.03222525315650
HORYU 2                 
1 38340U 12025D   17227.56625238  .00000183  00000-0  35146-4 0  9999
2 38340  98.3773 233.5827 0013019 101.9701 258.2967 14.75368860282043
STRAND-1                
1 39090U 13009E   17227.56960456  .00000005  00000-0  17178-4 0  9997
2 39090  98.5497  72.4361 0010189 120.1939 240.0257 14.34977504233992
BRITE-AUSTRIA           
1 39091U 13009F   17226.60520851  .00000002  00000-0  16085-4 0  9996
2 39091  98.5461  70.8493 0011386 130.4331 229.7850 14.35035928233878
UNIBRITE                
1 39092U 13009G   17227.51617100 -.00000005  00000-0  13624-4 0  9992
2 39092  98.5470  71.4359 0010364 121.5280 238.6919 14.34910469233984
AIST-2                  
1 39133U 13015D   17227.86821121  .00000033  00000-0  15071-4 0  9991
2 39133  64.8732  96.9443 0038300 272.0974  87.5760 15.04319472237271
SOMP                    
1 39134U 13015E   17227.84412571  .00001109  00000-0  63331-4 0  9992
2 39134  64.8637  33.8738 0038743 254.0712 105.6144 15.17945825238533
BEESAT-2                
1 39136U 13015G   17227.11840000  .00000721  00000-0  48172-4 0  9991
2 39136  64.8697  47.7360 0033810 273.8549  85.8711 15.15207607238203
NEE-01 PEGASUS          
1 39151U 13018B   17227.81146560  .00000138  00000-0  25340-4 0  9992
2 39151  97.9837 318.9565 0016393 213.2091 146.8093 14.79741621232359
CUBEBUG-1 (CAPITAN BETO)
1 39153U 13018D   17227.78280741  .00000160  00000-0  27989-4 0  9996
2 39153  97.9862 319.7645 0016342 211.3914 148.6324 14.80205734232409
ESTCUBE 1               
1 39161U 13021C   17227.74920785  .00000127  00000-0  28233-4 0  9990
2 39161  98.0273 312.9741 0008464 320.9603  39.0999 14.71919708229518
POPACS 1                
1 39268U 13055D   17226.67013307  .00003465  00000-0  97959-4 0  9998
2 39268  81.0045 307.1535 0649892  48.1502 317.3303 14.31445003199082
POPACS 2                
1 39269U 13055E   17227.53392018  .00002672  00000-0  76895-4 0  9999
2 39269  81.0183 322.1584 0700373  87.1105 280.9945 14.20268493199723
POPACS 3                
1 39270U 13055F   17227.73203097  .00002179  00000-0  67078-4 0  9996
2 39270  81.0201 330.6694 0725503 112.9353 255.0035 14.13405691199184
FIREFLY                 
1 39404U 13064AA  17227.53320463  .00042023  00000-0  20656-3 0  9992
2 39404  40.4962 286.8262 0007101 137.9504 222.1872 15.81295882210645
ZACUBE-1 (TSHEPISOSAT)  
1 39417U 13066B   17227.76238893  .00000189  00000-0  30371-4 0  9991
2 39417  97.6249 267.1015 0060830  75.5915 285.2039 14.80739861201597
WNISAT-1                
1 39423U 13066H   17227.91309477  .00000018  00000-0  13575-4 0  9990
2 39423  97.6866 211.3541 0174221 251.4074 106.8154 14.52858680197900
TRITON-1                
1 39427U 13066M   17226.89824096  .00000141  00000-0  30480-4 0  9990
2 39427  97.6375 238.3215 0114863 159.9727 200.6042 14.67485415199650
GOMX 1                  
1 39430U 13066Q   17227.70518877  .00000159  00000-0  38038-4 0  9998
2 39430  97.6677 222.2142 0150924 214.6322 144.4980 14.58896529198600
BRITE-PL                
1 39431U 13066R   17227.80019919  .00000079  00000-0  27780-4 0  9996
2 39431  97.7116 200.2855 0201300 291.3818  66.6004 14.46858440197062
HUMSAT-D                
1 39433U 13066T   17227.22658923  .00000289  00000-0  34155-4 0  9995
2 39433  97.6479 288.5895 0031656  23.7418 336.5254 14.91489801202813
EAGLE 2                 
1 39436U 13066W   17227.78355589  .00016477  00000-0  42447-3 0  9999
2 39436  97.7105 336.7377 0010085 222.2024 137.8446 15.39246948205810
CUBEBUG-2 (LO-74)       
1 39440U 13066AA  17227.51679141  .00000191  00000-0  33551-4 0  9991
2 39440  97.6256 255.5824 0082282 107.6451 253.3765 14.75479688200848
NEE-02 KRYSAOR          
1 39441U 13066AB  17227.55779477  .00000125  00000-0  24880-4 0  9991
2 39441  97.6238 254.2435 0083610 111.1968 249.8200 14.74639250200736
FUNCUBE-1 (AO-73)       
1 39444U 13066AE  17227.17213225  .00000251  00000-0  37533-4 0  9995
2 39444  97.6264 267.6697 0059981  74.1363 286.6451 14.81479428200348
UWE-3                   
1 39446U 13066AG  17227.58906128  .00000190  00000-0  31931-4 0  9991
2 39446  97.6240 260.9914 0072032  92.0306 268.9157 14.78013071199976
BRITE-TORONTO           
1 40020U 14033L   17227.87870215  .00000098  00000-0  25132-4 0  9998
2 40020  97.8276  95.9530 0088552 136.4006 224.4241 14.66407068168844
DUCHIFAT-1              
1 40021U 14033M   17227.33153600  .00000306  00000-0  37632-4 0  9992
2 40021  97.9149 140.5755 0014517 104.2715 256.0116 14.89938257171403
FLOCK 1C-10             
1 40023U 14033P   17227.81378342  .00000669  00000-0  77410-4 0  9999
2 40023  97.9176 140.0543 0013619 106.5722 253.6976 14.88780163171373
NANOSATC-BR1            
1 40024U 14033Q   17227.49488220  .00000325  00000-0  40233-4 0  9993
2 40024  97.9105 139.5325 0013798 104.8786 255.3960 14.89257523171378
QB50P1                  
1 40025U 14033R   17227.70789498  .00000255  00000-0  33540-4 0  9994
2 40025  97.9084 138.6982 0013952 107.3347 252.9397 14.88454354171341
FLOCK 1C-7              
1 40026U 14033S   17227.73399925  .00000720  00000-0  81497-4 0  9991
2 40026  97.9180 140.7755 0012451 104.1471 256.1141 14.89515354171417
FLOCK 1C-1              
1 40027U 14033T   17227.71208625  .00000321  00000-0  40259-4 0  9994
2 40027  97.9203 140.1975 0013837 105.2873 254.9945 14.88837832171379
POPSAT-HIP-1            
1 40028U 14033U   17227.81188764  .00000383  00000-0  47404-4 0  9994
2 40028  97.9128 139.0931 0015207 104.8365 255.4534 14.88324279171342
FLOCK 1C-2              
1 40029U 14033V   17227.74024915  .00000758  00000-0  86711-4 0  9994
2 40029  97.9175 140.0768 0015091 101.9161 258.3766 14.88858006171369
FLOCK 1C-4              
1 40031U 14033X   17227.76263637  .00000360  00000-0  44515-4 0  9990
2 40031  97.9197 140.0731 0015774 100.2615 260.0390 14.88703661171358
QB50P2                  
1 40032U 14033Y   17227.16781500  .00000220  00000-0  30018-4 0  9997
2 40032  97.9055 137.2174 0013381 104.3119 255.9584 14.88010843171213
FLOCK 1C-11             
1 40033U 14033Z   17227.76095094  .00000184  00000-0  24832-4 0  9996
2 40033  97.9212 141.6157 0013392  94.4082 265.8660 14.90200033171466
ANTELSAT                
1 40034U 14033AA  17227.15065633  .00000168  00000-0  32543-4 0  9996
2 40034  97.8511 109.2316 0060458 102.8238 257.9735 14.73724731169613
FLOCK 1C-9              
1 40035U 14033AB  17227.72679972  .00000615  00000-0  71436-4 0  9998
2 40035  97.9227 140.4532 0013389  92.3848 267.8917 14.88913451171369
FLOCK 1C-6              
1 40036U 14033AC  17227.87795103  .00000652  00000-0  75170-4 0  9990
2 40036  97.9218 140.8257 0013143  94.7066 265.5618 14.89019956171400
PERSEUS-M2              
1 40037U 14033AD  17227.50775351  .00000063  00000-0  13464-4 0  9998
2 40037  97.9073 135.9622 0015831 109.3145 250.9784 14.86241725171127
FLOCK 1C-5              
1 40038U 14033AE  17227.81851594  .00000545  00000-0  63844-4 0  9999
2 40038  97.9196 140.5644 0015471  95.1168 265.1777 14.89003587171380
PERSEUS-M1              
1 40039U 14033AF  17227.79187705  .00000089  00000-0  16499-4 0  9990
2 40039  97.9079 135.7781 0015710 104.8991 255.3965 14.85866055171133
FLOCK 1C-8              
1 40040U 14033AG  17227.73156792  .00000819  00000-0  88609-4 0  9991
2 40040  97.9259 142.7757 0014330  84.5022 275.7895 14.90954373171508
FLOCK 1C-3              
1 40041U 14033AH  17227.72521495  .00000502  00000-0  59746-4 0  9996
2 40041  97.9230 140.2365 0014632  92.8424 267.4534 14.88704969171340
POLYITAN-1              
1 40042U 14033AJ  17226.82127621  .00000252  00000-0  33398-4 0  9997
2 40042  97.9158 137.8172 0016290  99.3953 260.9106 14.88092329171140
TIGRISAT                
1 40043U 14033AK  17226.89570432  .00000105  00000-0  23030-4 0  9996
2 40043  97.8491 109.6347 0061612 104.9110 255.8932 14.73997983169182
LEMUR-1                 
1 40044U 14033AL  17227.56280518  .00000129  00000-0  26719-4 0  9998
2 40044  97.8487 110.0084 0060760 103.9453 256.8523 14.73822560169572
AEROCUBE 6A             
1 40045U 14033AM  17226.61903497  .00000286  00000-0  48918-4 0  9991
2 40045  97.8614 110.6757 0059783 100.9446 259.8497 14.74859902169091
AEROCUBE 6B             
1 40046U 14033AN  17227.56887409  .00000287  00000-0  49098-4 0  9992
2 40046  97.8605 111.5275 0058894  97.6316 263.1587 14.74863970169613
UKUBE-1                 
1 40074U 14037F   17227.84950182  .00000267  00000-0  39522-4 0  9996
2 40074  98.3529 345.4670 0003908 204.4666 155.6380 14.83537168168021
BRITE-PL 2              
1 40119U 14049B   17227.20705936  .00000099  00000-0  18355-4 0  9998
2 40119  97.9351 312.7951 0016170 255.5201 104.4219 14.84158046161914
FIREBIRD 4              
1 40378U 15003C   17227.75575608  .00002635  00000-0  11432-3 0  9993
2 40378  99.1228  63.6473 0136130 164.4753 196.0714 15.15601576140031
GRIFEX                  
1 40379U 15003D   17227.57270147  .00001742  00000-0  81753-4 0  9996
2 40379  99.1250  60.9562 0141903 173.4067 186.9070 15.13105199139868
EXOCUBE                 
1 40380U 15003E   17227.74918389  .00001539  00000-0  75254-4 0  9997
2 40380  99.1293  59.7851 0145507 177.2507 182.9553 15.11594273139796
DEORBITSAIL             
1 40719U 15032E   17227.30055048  .00000351  00000-0  58176-4 0  9996
2 40719  97.9734 120.2997 0015704 317.9683  42.0321 14.76106287113049
TIANWANG 1C (TW-1C)     
1 40926U 15051B   17227.86339300  .00005582  00000-0  12660-3 0  9992
2 40926  97.2254 266.9741 0009781 319.7069 156.8144 15.43433640106129
TIANWANG 1B (TW-1B)     
1 40927U 15051C   17227.77728293  .00005683  00000-0  13374-3 0  9991
2 40927  97.2337 266.8812 0010163 332.3560 118.2881 15.42313463106054
TIANWANG 1A (TW-1A)     
1 40928U 15051D   17227.82005506  .00002744  00000-0  79204-4 0  9993
2 40928  97.2230 262.5632 0012324 352.7776 118.4995 15.36464553105851
LEMUR-2-JOEL            
1 40932U 15052C   17227.48824659  .00000811  00000-0  22708-4 0  9999
2 40932   6.0074 164.4734 0013981  19.9220 340.0485 14.77495390101792
LEMUR-2-CHRIS           
1 40933U 15052D   17227.48482962  .00000729  00000-0  11277-4 0  9994
2 40933   6.0024 163.1986 0014147  19.7257 340.3445 14.77635856101800
LEMUR-2-JEROEN          
1 40934U 15052E   17223.36375300 -.00030528  00000-0 -43466-2 0  9990
2 40934   6.0107 198.2668 0012179 309.3394  50.6350 14.76854332101113
LEMUR-2-PETER           
1 40935U 15052F   17227.44375404  .00000830  00000-0  26670-4 0  9990
2 40935   6.0016 170.6895 0011035 359.4341   0.7388 14.76753197101717
EXACTVIEW 9             
1 40936U 15052G   17226.31587731  .00000758  00000-0  17312-4 0  9996
2 40936   6.0023 181.3575 0010276 337.2417  22.4222 14.76266938101545
ATHENOXAT 1             
1 41168U 15077C   17227.47811613  .00001793  00000-0  63622-4 0  9993
2 41168  14.9832  96.2370 0012246 119.7360  80.3965 15.11716467 92021
GALASSIA                
1 41170U 15077E   17227.73814760  .00001835  00000-0  64797-4 0  9992
2 41170  14.9890  90.3754 0013405 140.5093 219.6206 15.12208193 92109
VELOX 2                 
1 41171U 15077F   17227.47180209  .00001524  00000-0  51667-4 0  9995
2 41171  14.9914 105.8138 0009040  91.3030 268.8326 15.09957071 91941
AGGIESAT 4              
1 41313U 98067HP  17227.78277454  .00020655  00000-0  13099-3 0  9998
2 41313  51.6405  56.1663 0002522  18.8944 341.2149 15.76497722 88322
HORYU-IV                
1 41340U 16012D   17226.85555760  .00000460  00000-0  28679-4 0  9997
2 41340  31.0056  95.7874 0014399 295.4032  64.5113 15.00642862 81834
OUFTI-1                 
1 41458U 16025C   17227.15376086  .00001336  00000-0  74709-4 0  9995
2 41458  98.1797 268.1050 0175176  93.2116 268.9166 15.03354667 71439
E-ST@R-II               
1 41459U 16025D   17227.51399466  .00001818  00000-0  10006-3 0  9997
2 41459  98.1821 268.4261 0176202  91.9133 270.2282 15.03195465 71489
AAUSAT 4                
1 41460U 16025E   17227.80795959  .00002275  00000-0  12425-3 0  9993
2 41460  98.1718 268.8723 0168243  88.7667 273.2819 15.04136950 71557
DIWATA-1                
1 41463U 98067HT  17227.88656267  .00006415  00000-0  74702-4 0  9995
2 41463  51.6414  83.8636 0001232  73.2040  22.7245 15.63118875 74131
NODES 2                 
1 41477U 98067HX  17227.46790227  .00105322  15318-4  31842-3 0  9995
2 41477  51.6239  52.9949 0003054 286.6278  73.4393 15.92046146 71487
NODES 1                 
1 41478U 98067HY  17227.79026584  .00095859  14540-4  30777-3 0  9995
2 41478  51.6280  52.2071 0002842 285.3051  74.7640 15.90944639 71528
FLOCK 2E'-1             
1 41479U 98067HZ  17227.78804406  .00016220  00000-0  13041-3 0  9994
2 41479  51.6345  71.9965 0001729 114.4084 245.7094 15.71128737 71224
FLOCK 2E'-3             
1 41480U 98067JA  17227.81887988  .00014747  00000-0  12028-3 0  9992
2 41480  51.6344  71.4735 0001159 154.9663 205.1392 15.70873046 71224
FLOCK 2E'-2             
1 41481U 98067JB  17227.80212403  .00014421  00000-0  11333-3 0  9993
2 41481  51.6327  69.8039 0001553 103.0074 257.1098 15.71790699 71237
FLOCK 2E'-4             
1 41482U 98067JC  17227.74499003  .00018105  00000-0  12595-3 0  9994
2 41482  51.6312  67.8928 0000969 224.1931 135.8991 15.74464512 71255
FLOCK 2E-1              
1 41483U 98067JD  17227.81807590  .00011456  00000-0  99481-4 0  9999
2 41483  51.6363  73.0220 0001094 234.0967 125.9929 15.69625225 71069
FLOCK 2E-2              
1 41484U 98067JE  17227.80839523  .00013699  00000-0  10971-3 0  9997
2 41484  51.6373  70.7241 0000738 247.3587 112.7333 15.71387971 71099
FLOCK 2E-3              
1 41486U 98067JG  17227.83684757  .00011180  00000-0  96517-4 0  9993
2 41486  51.6355  74.6361 0000823 262.9727  97.1177 15.69800112 71064
FLOCK 2E-4              
1 41487U 98067JH  17227.80706696  .00011258  00000-0  97544-4 0  9995
2 41487  51.6359  72.9123 0001822 312.6408  47.4435 15.69704040 71085
FLOCK 2E-6              
1 41563U 98067JM  17226.84092941  .00009531  00000-0  89185-4 0  9997
2 41563  51.6351  80.7117 0002037  97.7120 262.4108 15.68026202 68968
FLOCK 2E-5              
1 41564U 98067JN  17227.81124783  .00010224  00000-0  95514-4 0  9990
2 41564  51.6356  75.9508 0001733 106.0737 254.0451 15.67966725 69101
FLOCK 2E-7              
1 41565U 98067JP  17227.81274005  .00015292  00000-0  12065-3 0  9993
2 41565  51.6347  70.6592 0002593 357.0412   3.0570 15.71637985 69078
FLOCK 2E'-5             
1 41567U 98067JR  17227.83821933  .00009520  00000-0  92641-4 0  9991
2 41567  51.6365  77.6540 0003450  14.9534 345.1564 15.67045250 68959
FLOCK 2E'-6             
1 41568U 98067JS  17227.80731274  .00011600  00000-0  10285-3 0  9992
2 41568  51.6350  74.3917 0002879  15.6553 344.4533 15.69099226 69020
FLOCK 2E'-8             
1 41569U 98067JT  17227.83538904  .00016752  00000-0  12999-3 0  9998
2 41569  51.6347  70.0604 0000457 330.1657  29.9315 15.71950902 68968
FLOCK 2E'-7             
1 41570U 98067JU  17227.79250696  .00063490  00000-0  40695-3 0  9999
2 41570  51.6345  66.0186 0001579 278.8086  81.2735 15.75662852 69032
FLOCK 2E-9              
1 41571U 98067JV  17227.80256333  .00016361  00000-0  12236-3 0  9991
2 41571  51.6350  69.1051 0001784   7.2777 352.8247 15.72850954 68957
FLOCK 2E-10             
1 41572U 98067JW  17227.77691120  .00014959  00000-0  12153-3 0  9994
2 41572  51.6352  71.9503 0002719   2.1458 357.9551 15.70953547 68912
FLOCK 2E-12             
1 41573U 98067JX  17227.74424758  .00015879  00000-0  12378-3 0  9994
2 41573  51.6344  70.9601 0002439  20.5238 339.5857 15.71890625 68925
FLOCK 2E-11             
1 41574U 98067JY  17227.03430018  .00021458  00000-0  16434-3 0  9990
2 41574  51.6334  73.6667 0003210  16.5565 343.5538 15.72063498 68824
FLOCK 2E'-9             
1 41575U 98067JZ  17227.81370143  .00018355  00000-0  13367-3 0  9993
2 41575  51.6323  68.3401 0003050  39.7155 320.4066 15.73378682 68953
FLOCK 2E'-10            
1 41576U 98067KA  17227.79345076  .00016893  00000-0  13037-3 0  9997
2 41576  51.6355  70.5696 0003058  34.9794 325.1405 15.72073008 68822
FLOCK 2E'-11            
1 41577U 98067KB  17227.78798806  .00015946  00000-0  12678-3 0  9998
2 41577  51.6359  71.2963 0003104  10.8712 349.2353 15.71412527 68637
FLOCK 2E'-12            
1 41578U 98067KC  17227.79687861  .00018945  00000-0  13947-3 0  9990
2 41578  51.6336  69.7630 0002809 358.8299   1.2693 15.73096858 68653
FLOCK 2P-6              
1 41606U 16040H   17227.84895442  .00002343  00000-0  10434-3 0  9998
2 41606  97.4548 290.0833 0009905 217.6724 142.3820 15.22424832 63780
FLOCK 2P-11             
1 41608U 16040K   17227.72298413  .00002183  00000-0  97385-4 0  9995
2 41608  97.4544 289.9256 0009929 218.3509 141.7023 15.22437963 63708
FLOCK 2P-2              
1 41609U 16040L   17227.73949138  .00001510  00000-0  68343-4 0  9999
2 41609  97.4549 289.9317 0009805 217.8756 142.1791 15.22408508 63680
FLOCK 2P-9              
1 41610U 16040M   17227.75041261  .00001434  00000-0  65058-4 0  9998
2 41610  97.4546 289.9021 0010076 218.4080 141.6440 15.22418675 63568
FLOCK 2P-4              
1 41611U 16040N   17227.71201442  .00001103  00000-0  50745-4 0  9994
2 41611  97.4573 290.0856 0009991 228.6929 131.3448 15.22423192 63729
FLOCK 2P-10             
1 41612U 16040P   17227.69013231  .00001556  00000-0  70324-4 0  9996
2 41612  97.4578 290.1396 0009722 228.8224 131.2175 15.22426298 63723
FLOCK 2P-8              
1 41613U 16040Q   17227.37786645  .00001330  00000-0  60569-4 0  9998
2 41613  97.4574 289.7717 0009859 229.0513 130.9870 15.22424577 63676
FLOCK 2P-12             
1 41614U 16040R   17227.79973489  .00002570  00000-0  11418-3 0  9994
2 41614  97.4582 290.3322 0009566 227.3379 132.7052 15.22415367 63749
FLOCK 2P-7              
1 41615U 16040S   17227.76677310  .00001404  00000-0  63756-4 0  9994
2 41615  97.4570 290.1557 0009750 228.9807 131.0587 15.22424468 63739
FLOCK 2P-5              
1 41616U 16040T   17227.81055178  .00001496  00000-0  67725-4 0  9994
2 41616  97.4584 290.3173 0009572 226.7407 133.3031 15.22420493 63727
FLOCK 2P-1              
1 41617U 16040U   17227.73346476  .00001822  00000-0  81815-4 0  9999
2 41617  97.4587 290.2682 0009385 228.0964 131.9473 15.22421082 63730
FLOCK 2P-3              
1 41618U 16040V   17227.76135109  .00001302  00000-0  59327-4 0  9998
2 41618  97.4584 290.2243 0009475 227.7104 132.3330 15.22423966 63733
BEESAT-4                
1 41619U 16040W   17227.73618681  .00001263  00000-0  60206-4 0  9991
2 41619  97.4578 289.5397 0011143 213.3434 146.7101 15.20917483 51642
3CAT-2                  
1 41732U 16051B   17227.82248360  .00001032  00000-0  44090-4 0  9999
2 41732  97.3731 143.9232 0015691  66.0340 331.8737 15.25017517 55628
FLOCK 2E'-13            
1 41761U 98067KH  17227.80785539  .00007238  00000-0  88162-4 0  9992
2 41761  51.6377  90.2758 0007140 123.0261 237.1419 15.61694900 52227
FLOCK 2E'-14            
1 41762U 98067KJ  17227.84990267  .00007594  00000-0  91418-4 0  9996
2 41762  51.6390  89.8366 0006994 123.4704 236.6959 15.61919984 52230
FLOCK 2E'-16            
1 41763U 98067KK  17227.80290214  .00008182  00000-0  96137-4 0  9995
2 41763  51.6391  89.5190 0006329 132.1378 228.0154 15.62433634 52191
FLOCK 2E'-15            
1 41764U 98067KL  17227.82286424  .00007404  00000-0  90416-4 0  9996
2 41764  51.6391  90.4004 0006625 128.7294 231.4293 15.61588734 52186
FLOCK 2E'-18            
1 41769U 98067KM  17227.80673633  .00006863  00000-0  84111-4 0  9994
2 41769  51.6388  90.2865 0005498 148.3318 211.8007 15.61640370 52182
FLOCK 2E'-17            
1 41776U 98067KN  17227.79668230  .00007431  00000-0  90244-4 0  9993
2 41776  51.6397  90.2421 0005840 150.1688 209.9640 15.61730727 52176
FLOCK 2E'-19            
1 41777U 98067KP  17227.81120998  .00009966  00000-0  10640-3 0  9997
2 41777  51.6374  86.5351 0004764 150.4326 209.6939 15.64624256 52189
FLOCK 2E'-20            
1 41782U 98067KQ  17227.84052635  .00009836  00000-0  10871-3 0  9990
2 41782  51.6387  87.5144 0004884 144.4728 215.6592 15.63750623 52046
CANX-7                  
1 41788U 16059F   17227.35849535  .00004669  00000-0  87380-3 0  9994
2 41788  98.1809 288.7711 0029450 344.8439  15.1943 14.65043418 47251
ALSAT 1N                
1 41789U 16059G   17227.81379734  .00000073  00000-0  23166-4 0  9993
2 41789  98.1630 289.1717 0027769 330.4325  29.5295 14.64064092 47339
RAVAN                   
1 41849U 16067B   17227.17740770  .00001166  00000-0  10638-3 0  9993
2 41849  97.9472 306.2204 0010408 102.5169 257.7217 14.97081412 41339
CELTEE 1                
1 41850U 16067C   17227.16747978  .00000723  00000-0  68797-4 0  9999
2 41850  97.9460 306.0740 0010535 101.8202 258.4201 14.96585954 41321
OPTICUBE 04             
1 41851U 16067D   17227.17588809  .00000538  00000-0  52633-4 0  9993
2 41851  97.9462 306.0627 0010627 101.9589 258.2824 14.96511958 41321
AEROCUBE 8D             
1 41852U 16067E   17227.16795691  .00000745  00000-0  71345-4 0  9993
2 41852  97.9472 305.9527 0011361 102.3341 257.9152 14.96233949 41317
AEROCUBE 8C             
1 41853U 16067F   17227.17474383  .00000652  00000-0  63151-4 0  9990
2 41853  97.9473 305.9423 0011764 102.9205 257.3330 14.96198938 41316
PROMETHEUS 2-1          
1 41854U 16067G   17227.85945990 -.00000033  00000-0  24281-5 0  9999
2 41854  97.9476 306.6055 0011923 100.4447 259.8117 14.96170610 41415
PROMETHEUS 2-3          
1 41855U 16067H   17227.19238232 -.00000024  00000-0  32823-5 0  9992
2 41855  97.9478 305.9280 0012081 102.6783 257.5788 14.96162368 41312
LEMUR-2-XIAOQING        
1 41871U 16062C   17227.85600878  .00001448  00000-0  75693-4 0  9998
2 41871  51.6531 163.5265 0005233  74.0851 323.2088 15.22568249 40037
LEMUR-2-SOKOLSKY        
1 41872U 16062D   17227.84176054  .00002697  00000-0  12863-3 0  9998
2 41872  51.6492 163.3580 0005589  97.3424 296.5707 15.22587937 40024
LEMUR-2-ANUBHAVTHAKUR   
1 41873U 16062E   17227.86832935 -.00000212  00000-0  52437-5 0  9993
2 41873  51.6411 164.2963 0007093  99.6996 299.8207 15.21644064 40005
LEMUR-2-WINGO           
1 41874U 16062F   17227.87782075  .00000464  00000-0  34275-4 0  9991
2 41874  51.6318 163.6420 0007558  76.9355 323.8390 15.22211095 40024
STARS-C                 
1 41895U 98067KR  17227.80478704  .00020720  00000-0  21785-3 0  9991
2 41895  51.6373  92.5095 0004783 171.3964 188.7114 15.64274582 37315
TANCREDO-1              
1 41931U 98067KT  17226.84124277  .00061336  00000-0  43195-3 0  9995
2 41931  51.6344  91.2695 0005686 147.1336 213.0018 15.73481960 32818
ITF-2                   
1 41932U 98067KU  17227.85186033  .00009968  00000-0  12428-3 0  9994
2 41932  51.6405  95.1091 0006010 130.8724 229.2791 15.60574372 32859
WASEDA-SAT3             
1 41933U 98067KV  17227.48359530  .00011771  00000-0  14152-3 0  9999
2 41933  51.6385  96.3772 0005904 131.9852 228.1646 15.61325238 32809
AOBA-VELOX 3            
1 41935U 98067KX  17227.18741073  .00011834  00000-0  14391-3 0  9990
2 41935  51.6400  98.1655 0005487 132.0244 228.1218 15.61020653 32855
TUPOD                   
1 41936U 98067KY  17227.78835437  .00168113  00000-0  65695-3 0  9991
2 41936  51.6288  81.0103 0004209 205.2705 154.8093 15.85999545 32515
OSNSAT                  
1 41939U 98067KZ  17227.00721233  .00029798  00000-0  28238-3 0  9994
2 41939  51.6373  94.6719 0006572 136.0658 224.0862 15.66650119 32131
FLOCK 3P-8              
1 41951U 17008D   17227.51803026  .00003027  00000-0  13287-3 0  9996
2 41951  97.4909 288.6603 0007971 357.3253   2.7939 15.22704085 27558
FLOCK 3P-51             
1 41952U 17008E   17227.22608648  .00001528  00000-0  68483-4 0  9991
2 41952  97.4917 288.4513 0008562  16.3645 343.7866 15.22763763 27511
FLOCK 3P-37             
1 41953U 17008F   17227.51687796  .00002254  00000-0  98367-4 0  9996
2 41953  97.4914 288.8221 0007950  21.1385 339.0178 15.23174203 27569
INS-1B                  
1 41954U 17008G   17227.51388909  .00001189  00000-0  55356-4 0  9998
2 41954  97.4889 288.4634 0009275 354.7175   5.3962 15.21880185 27496
FLOCK 3P-19             
1 41955U 17008H   17226.94183532  .00002849  00000-0  12532-3 0  9992
2 41955  97.4905 288.0410 0008867 358.1766   1.9437 15.22677816 27398
FLOCK 3P-24             
1 41956U 17008J   17227.79414554  .00002376  00000-0  10486-3 0  9999
2 41956  97.4904 288.8953 0008577 352.3387   7.7717 15.22725654 27604
FLOCK 3P-18             
1 41957U 17008K   17227.07274305  .00003696  00000-0  16130-3 0  9997
2 41957  97.4904 288.1763 0008760 355.5608   4.5549 15.22744418 27339
FLOCK 3P-22             
1 41958U 17008L   17226.94548350  .00002956  00000-0  13008-3 0  9996
2 41958  97.4906 288.0405 0008648 356.9554   3.1628 15.22629945 27301
FLOCK 3P-21             
1 41959U 17008M   17227.19734465  .00002946  00000-0  12941-3 0  9993
2 41959  97.4911 288.3264 0008477 358.7631   1.3583 15.22691586 27355
FLOCK 3P-28             
1 41960U 17008N   17227.19540958  .00002054  00000-0  91182-4 0  9992
2 41960  97.4909 288.3254 0008276 357.3081   2.8109 15.22692604 27435
FLOCK 3P-26             
1 41961U 17008P   17227.13846417  .00002959  00000-0  13012-3 0  9995
2 41961  97.4908 288.2465 0008456 356.4293   3.6881 15.22657749 27340
FLOCK 3P-17             
1 41962U 17008Q   17227.51361764  .00001973  00000-0  87596-4 0  9999
2 41962  97.4909 288.6658 0008307 358.1677   1.9528 15.22729787 27352
FLOCK 3P-27             
1 41963U 17008R   17227.86836054  .00002923  00000-0  12883-3 0  9999
2 41963  97.4909 288.9603 0008499 353.8640   6.2491 15.22589367 27456
FLOCK 3P-25             
1 41964U 17008S   17227.13382770  .00003025  00000-0  13279-3 0  9995
2 41964  97.4907 288.2501 0008223 357.9100   2.2100 15.22695570 27329
FLOCK 3P-4              
1 41965U 17008T   17227.78474024  .00002879  00000-0  12644-3 0  9992
2 41965  97.4910 288.9196 0008175 356.8030   3.3152 15.22724064 27529
FLOCK 3P-2              
1 41966U 17008U   17227.39092050  .00002026  00000-0  89991-4 0  9999
2 41966  97.4911 288.5295 0008019 356.6767   3.4415 15.22693948 27382
FLOCK 3P-1              
1 41967U 17008V   17227.13767799  .00002502  00000-0  11098-3 0  9992
2 41967  97.4913 288.2575 0008183 357.9528   2.1673 15.22509005 27342
FLOCK 3P-3              
1 41968U 17008W   17227.78749172  .00002133  00000-0  94576-4 0  9992
2 41968  97.4909 288.9150 0008077 355.2766   4.8393 15.22693408 27520
FLOCK 3P-6              
1 41969U 17008X   17227.45485131  .00002034  00000-0  90265-4 0  9990
2 41969  97.4912 288.5979 0007897 356.6249   3.4933 15.22721325 27389
FLOCK 3P-7              
1 41970U 17008Y   17227.50377318  .00002513  00000-0  11052-3 0  9993
2 41970  97.4912 288.6866 0008098 359.3919   0.7306 15.22803101 27393
FLOCK 3P-5              
1 41971U 17008Z   17227.51584192  .00001422  00000-0  64073-4 0  9995
2 41971  97.4916 288.6739 0008041 358.5360   1.5852 15.22695431 27330
FLOCK 3P-12             
1 41972U 17008AA  17227.11965936  .00001510  00000-0  67809-4 0  9999
2 41972  97.4915 288.2822 0007945   0.3466 359.7774 15.22704300 27427
FLOCK 3P-9              
1 41973U 17008AB  17227.51837311  .00002078  00000-0  92202-4 0  9994
2 41973  97.4914 288.6729 0007959 357.2052   2.9139 15.22696212 27487
FLOCK 3P-10             
1 41974U 17008AC  17227.50977358  .00002478  00000-0  10916-3 0  9995
2 41974  97.4915 288.6865 0007818 358.7713   1.3503 15.22758344 27364
FLOCK 3P-11             
1 41975U 17008AD  17227.45600398  .00002533  00000-0  11165-3 0  9996
2 41975  97.4914 288.6031 0008092 358.3281   1.7927 15.22709960 27241
FLOCK 3P-60             
1 41976U 17008AE  17227.43241659  .00001710  00000-0  76196-4 0  9998
2 41976  97.4919 288.6370 0007825   0.2061 359.9177 15.22795916 26728
FLOCK 3P-58             
1 41977U 17008AF  17227.51408499  .00001314  00000-0  59451-4 0  9990
2 41977  97.4916 288.6766 0007847 358.8235   1.2981 15.22684220 27562
FLOCK 3P-57             
1 41978U 17008AG  17227.50979090  .00003147  00000-0  13784-3 0  9994
2 41978  97.4914 288.6834 0007870 357.4644   2.6551 15.22748134 27408
FLOCK 3P-75             
1 41979U 17008AH  17227.50865381  .00002318  00000-0  10225-3 0  9998
2 41979  97.4935 288.7416 0008191   0.4303 359.6939 15.22780584 27559
FLOCK 3P-70             
1 41980U 17008AJ  17227.50849595  .00001847  00000-0  82120-4 0  9999
2 41980  97.4936 288.7435 0008087   0.0304   0.0931 15.22772932 27393
FLOCK 3P-73             
1 41981U 17008AK  17227.51405201  .00002682  00000-0  11804-3 0  9991
2 41981  97.4939 288.7366 0008383   0.3427 359.7813 15.22707107 27539
FLOCK 3P-88             
1 41982U 17008AL  17227.43949110  .00001745  00000-0  77740-4 0  9996
2 41982  97.4936 288.6758 0008228   0.5194 359.6050 15.22777532 26497
FLOCK 3P-85             
1 41983U 17008AM  17227.49284092  .00001485  00000-0  66607-4 0  9995
2 41983  97.4938 288.7619 0008285   4.1567 355.9737 15.22784993 27406
FLOCK 3P-79             
1 41984U 17008AN  17227.36236847  .00002156  00000-0  95312-4 0  9998
2 41984  97.4936 288.6291 0007900   5.0177 355.1137 15.22778684 27383
FLOCK 3P-86             
1 41985U 17008AP  17227.49432465  .00001537  00000-0  68824-4 0  9997
2 41985  97.4936 288.7560 0007864   3.6179 356.5113 15.22783524 27398
FLOCK 3P-36             
1 41986U 17008AQ  17227.76050124  .00002741  00000-0  12026-3 0  9996
2 41986  97.4918 288.9681 0007363   0.1061   0.0176 15.22809303 26923
FLOCK 3P-30             
1 41987U 17008AR  17227.22546809  .00002073  00000-0  91680-4 0  9990
2 41987  97.4918 288.4577 0007492   4.2229 355.9070 15.22806990 27315
FLOCK 3P-34             
1 41988U 17008AS  17227.17162934  .00001956  00000-0  86675-4 0  9995
2 41988  97.4913 288.3676 0007511   0.2039 359.9199 15.22806318 26833
FLOCK 3P-35             
1 41989U 17008AT  17227.76536949  .00001351  00000-0  60829-4 0  9994
2 41989  97.4915 288.9537 0007614 357.5945   2.5254 15.22792895 26923
FLOCK 3P-33             
1 41990U 17008AU  17227.82574214  .00001261  00000-0  57023-4 0  9992
2 41990  97.4917 289.0294 0007314 359.4402   0.6825 15.22779834 26937
LEMUR-2-SATCHMO         
1 41991U 17008AV  17227.78859141  .00001293  00000-0  59158-4 0  9999
2 41991  97.4913 288.9241 0007707   0.9023 359.2226 15.22314603 26923
LEMUR-2-MIA-GRACE       
1 41992U 17008AW  17226.91642042  .00001478  00000-0  66741-4 0  9995
2 41992  97.4917 288.1003 0007701   4.4758 355.6545 15.22556274 26795
LEMUR-2-SMITA-SHARAD    
1 41993U 17008AX  17226.92446197  .00001300  00000-0  59276-4 0  9999
2 41993  97.4914 288.0865 0007684   4.4178 355.7124 15.22446073 26793
LEMUR-2-SPIRE-MINIONS   
1 41994U 17008AY  17227.51287789  .00001532  00000-0  69120-4 0  9992
2 41994  97.4914 288.6796 0007695   1.5594 358.5665 15.22516340 26881
LEMUR-2-RDEATON         
1 41995U 17008AZ  17227.51268915  .00001370  00000-0  62191-4 0  9994
2 41995  97.4915 288.6823 0009050  13.6989 346.4491 15.22476917 27567
LEMUR-2-NOGUECORREIG    
1 41996U 17008BA  17227.43748029  .00001537  00000-0  69174-4 0  9998
2 41996  97.4916 288.6311 0009028  14.3548 345.7943 15.22599215 26778
LEMUR-2-JOBANPUTRA      
1 41997U 17008BB  17227.75536407  .00001486  00000-0  66707-4 0  9991
2 41997  97.4916 288.9735 0008952  13.7117 346.4360 15.22733856 26910
LEMUR-2-TACHIKOMA       
1 41998U 17008BC  17226.92105436  .00001080  00000-0  49757-4 0  9990
2 41998  97.4914 288.0921 0009125  16.2555 343.8972 15.22422086 26712
BGUSAT                  
1 41999U 17008BD  17227.48555749  .00001901  00000-0  84267-4 0  9996
2 41999  97.4922 288.7285 0008924  16.2401 343.9120 15.22827413 26874
DIDO-2                  
1 42000U 17008BE  17227.05717883  .00000906  00000-0  42368-4 0  9992
2 42000  97.4912 288.2157 0009120  16.3447 343.8081 15.22335304 26812
FLOCK 3P-49             
1 42001U 17008BF  17227.15486725  .00001201  00000-0  54401-4 0  9992
2 42001  97.4919 288.3940 0008615  17.9689 342.1850 15.22798635 27350
FLOCK 3P-67             
1 42002U 17008BG  17226.89788783  .00003980  00000-0  17331-3 0  9998
2 42002  97.4913 288.1208 0008538  17.4829 342.6699 15.22778994 27470
FLOCK 3P-68             
1 42003U 17008BH  17227.16224131  .00002085  00000-0  92283-4 0  9997
2 42003  97.4913 288.3785 0008613  16.1769 343.9741 15.22772538 27151
FLOCK 3P-41             
1 42004U 17008BJ  17227.47950365  .00002622  00000-0  11513-3 0  9990
2 42004  97.4913 288.7156 0008404  18.2633 341.8904 15.22812982 27391
FLOCK 3P-45             
1 42005U 17008BK  17227.48496427  .00001364  00000-0  61447-4 0  9990
2 42005  97.4917 288.7153 0008409  17.0600 343.0918 15.22769708 27553
FLOCK 3P-48             
1 42006U 17008BL  17227.81126498  .00001520  00000-0  68050-4 0  9997
2 42006  97.4917 289.0490 0008333  17.7245 342.4280 15.22794344 27391
FLOCK 3P-43             
1 42007U 17008BM  17227.15200324  .00001962  00000-0  86994-4 0  9993
2 42007  97.4913 288.3902 0008282  19.7300 340.4255 15.22787841 27502
FLOCK 3P-42             
1 42008U 17008BN  17227.47984606  .00002093  00000-0  92548-4 0  9999
2 42008  97.4912 288.7156 0008301  18.3770 341.7765 15.22803528 27483
FLOCK 3P-61             
1 42009U 17008BP  17227.14963461  .00001472  00000-0  66037-4 0  9994
2 42009  97.4916 288.3926 0008375  21.6349 338.5239 15.22790662 27483
FLOCK 3P-40             
1 42010U 17008BQ  17227.20923285  .00001521  00000-0  68103-4 0  9994
2 42010  97.4910 288.4545 0008252  21.9587 338.2001 15.22806006 26751
FLOCK 3P-16             
1 42011U 17008BR  17227.46006728  .00001173  00000-0  53068-4 0  9994
2 42011  97.4911 288.7353 0007933  21.8329 338.3244 15.22898732 26736
FLOCK 3P-14             
1 42012U 17008BS  17227.20206115  .00002350  00000-0  10345-3 0  9997
2 42012  97.4913 288.4732 0008086  24.4862 335.6757 15.22834883 27319
FLOCK 3P-53             
1 42013U 17008BT  17226.87755513  .00001698  00000-0  75655-4 0  9991
2 42013  97.4907 288.1238 0008040  24.3167 335.8447 15.22812787 27269
FLOCK 3P-54             
1 42014U 17008BU  17227.46581063  .00001149  00000-0  52144-4 0  9994
2 42014  97.4913 288.7253 0007925  23.0613 337.0977 15.22818537 27534
PEASSS                  
1 42015U 17008BV  17226.92017231  .00001046  00000-0  47547-4 0  9993
2 42015  97.4904 288.2184 0007259  28.1785 331.9843 15.22974596 27284
AL-FARABI 1             
1 42016U 17008BW  17227.82821360  .00001410  00000-0  62717-4 0  9991
2 42016  97.4906 289.1574 0007082  26.2438 333.9156 15.23142047 27545
NAYIF-1 (EO-88)         
1 42017U 17008BX  17227.76078797  .00001392  00000-0  61923-4 0  9990
2 42017  97.4905 289.0930 0007077  26.7426 333.4174 15.23158057 27550
FLOCK 3P-23             
1 42018U 17008BY  17227.13437200  .00002959  00000-0  12991-3 0  9990
2 42018  97.4905 288.2455 0008355 356.7350   3.3831 15.22712433 26270
FLOCK 3P-76             
1 42019U 17008BZ  17227.17196335  .00001688  00000-0  75301-4 0  9999
2 42019  97.4940 288.4298 0008298   3.0980 357.0306 15.22780993 27345
FLOCK 3P-69             
1 42020U 17008CA  17227.82718674  .00001727  00000-0  76955-4 0  9999
2 42020  97.4940 289.0870 0008046 359.8291   0.2941 15.22788118 26335
FLOCK 3P-84             
1 42021U 17008CB  17227.83590540  .00000976  00000-0  44834-4 0  9997
2 42021  97.4934 289.0664 0008366 359.0348   1.0871 15.22780760 27450
FLOCK 3P-59             
1 42022U 17008CC  17227.44151400  .00002120  00000-0  93972-4 0  9993
2 42022  97.4915 288.6219 0007851   1.2322 358.8932 15.22710715 26416
FLOCK 3P-32             
1 42023U 17008CD  17227.51023643  .00002011  00000-0  89290-4 0  9996
2 42023  97.4915 288.6858 0007693 357.7395   2.3805 15.22718610 27568
FLOCK 3P-71             
1 42024U 17008CE  17227.51738740  .00002250  00000-0  99864-4 0  9991
2 42024  97.4940 288.7358 0008145   0.4224 359.7017 15.22596442 26435
FLOCK 3P-77             
1 42025U 17008CF  17227.17369691  .00002152  00000-0  95062-4 0  9996
2 42025  97.4934 288.4210 0008156   3.7886 356.3411 15.22806391 27355
FLOCK 3P-80             
1 42026U 17008CG  17227.55242560  .00002059  00000-0  91110-4 0  9990
2 42026  97.4942 288.8326 0007573   6.2943 353.8321 15.22807603 25550
FLOCK 3P-66             
1 42027U 17008CH  17227.42460546  .00002886  00000-0  12659-3 0  9991
2 42027  97.4916 288.6475 0008573  14.8274 345.3212 15.22763254 27503
FLOCK 3P-65             
1 42028U 17008CJ  17227.15967556  .00001637  00000-0  73104-4 0  9991
2 42028  97.4918 288.3875 0008528  16.0623 344.0883 15.22771574 27367
FLOCK 3P-50             
1 42029U 17008CK  17227.81411308  .00001450  00000-0  65092-4 0  9994
2 42029  97.4919 289.0509 0008333  16.6762 343.4747 15.22787551 26784
FLOCK 3P-52             
1 42030U 17008CL  17227.22418011  .00002019  00000-0  89454-4 0  9999
2 42030  97.4915 288.4515 0008438  17.4788 342.6737 15.22778509 27464
FLOCK 3P-46             
1 42031U 17008CM  17227.81062116  .00002337  00000-0  10295-3 0  9995
2 42031  97.4914 289.0436 0008346  16.5470 343.6038 15.22816945 27584
FLOCK 3P-47             
1 42032U 17008CN  17227.22050099  .00001163  00000-0  52796-4 0  9997
2 42032  97.4914 288.4520 0008404  19.1762 340.9789 15.22786733 27348
FLOCK 3P-44             
1 42033U 17008CP  17227.80600582  .00001487  00000-0  66630-4 0  9991
2 42033  97.4916 289.0535 0008288  19.1116 341.0430 15.22807263 26185
FLOCK 3P-64             
1 42034U 17008CQ  17227.47652659  .00001439  00000-0  64559-4 0  9992
2 42034  97.4913 288.7180 0008282  20.2487 339.9076 15.22817622 27557
FLOCK 3P-63             
1 42035U 17008CR  17227.73868293  .00001379  00000-0  61994-4 0  9998
2 42035  97.4912 288.9783 0008285  19.5427 340.6125 15.22811251 25561
FLOCK 3P-62             
1 42036U 17008CS  17227.46621153  .00001701  00000-0  75513-4 0  9992
2 42036  97.4914 288.7324 0008373  21.3292 338.8292 15.22919188 26723
FLOCK 3P-38             
1 42037U 17008CT  17227.14523326  .00001599  00000-0  71460-4 0  9993
2 42037  97.4913 288.3916 0008098  22.6689 337.4904 15.22794104 27459
FLOCK 3P-39             
1 42038U 17008CU  17227.20885253  .00002812  00000-0  12320-3 0  9999
2 42038  97.4906 288.4530 0008267  21.7867 338.3719 15.22823210 27412
FLOCK 3P-15             
1 42039U 17008CV  17227.47556052  .00002070  00000-0  91578-4 0  9990
2 42039  97.4912 288.7171 0008146  20.9186 339.2382 15.22805148 26735
FLOCK 3P-13             
1 42040U 17008CW  17226.94444737  .00000973  00000-0  44662-4 0  9991
2 42040  97.4914 288.2032 0008138  23.2926 336.8677 15.22804717 26640
FLOCK 3P-55             
1 42041U 17008CX  17227.05670757  .00001113  00000-0  50421-4 0  9995
2 42041  97.4913 288.3566 0008008  27.3704 332.7952 15.22959913 27504
FLOCK 3P-56             
1 42042U 17008CY  17226.98973919  .00002143  00000-0  93879-4 0  9991
2 42042  97.4908 288.2849 0007931  27.0697 333.0952 15.23095497 27282
FLOCK 3P-81             
1 42043U 17008CZ  17227.36471709  .00002377  00000-0  10469-3 0  9997
2 42043  97.4936 288.6266 0008144   4.2278 355.9025 15.22800201 26728
FLOCK 3P-87             
1 42044U 17008DA  17226.91320229  .00002416  00000-0  10641-3 0  9994
2 42044  97.4931 288.1483 0008252   2.6368 357.4910 15.22786083 26802
FLOCK 3P-29             
1 42045U 17008DB  17227.44053724  .00002995  00000-0  13121-3 0  9995
2 42045  97.4914 288.6242 0007781 358.4036   1.7174 15.22772620 26737
FLOCK 3P-82             
1 42046U 17008DC  17226.85057621  .00003108  00000-0  13608-3 0  9997
2 42046  97.4933 288.0831 0008363   3.3565 356.7726 15.22765454 26695
FLOCK 3P-78             
1 42047U 17008DD  17227.37242806  .00003064  00000-0  13410-3 0  9999
2 42047  97.4934 288.6142 0008128   0.7259 359.3987 15.22796314 26707
FLOCK 3P-74             
1 42048U 17008DE  17227.44548298  .00002621  00000-0  11538-3 0  9999
2 42048  97.4937 288.6760 0008399   1.1167 359.0086 15.22730361 26718
FLOCK 3P-31             
1 42049U 17008DF  17227.44595537  .00002707  00000-0  11909-3 0  9995
2 42049  97.4915 288.6194 0007919 359.2360   0.8863 15.22721502 26176
FLOCK 3P-83             
1 42050U 17008DG  17227.84087733  .00002207  00000-0  97733-4 0  9990
2 42050  97.4933 289.0598 0008327   0.5437 359.5807 15.22696937 27509
FLOCK 3P-72             
1 42051U 17008DH  17227.16633873  .00001017  00000-0  46557-4 0  9994
2 42051  97.4942 288.4373 0007808   0.9176 359.2073 15.22799795 24999
LEMUR-2-REDFERN-GOES    
1 42059U 98067LA  17227.82342644  .00010437  00000-0  13559-3 0  9993
2 42059  51.6388  97.1481 0008388 155.4487 204.6907 15.59404497 25311
LEMUR-2-TRUTNA          
1 42067U 98067LC  17226.86084213  .00026833  00000-0  29946-3 0  9994
2 42067  51.6379 100.4662 0007804 152.1851 207.9562 15.62555723 25013
LEMUR-2-AUSTINTACIOUS   
1 42068U 98067LD  17227.80171064  .00012344  00000-0  15505-3 0  9999
2 42068  51.6388  97.0034 0008020 153.5338 206.6066 15.60102260 25246
LEMUR-2-TRUTNAHD        
1 42069U 98067LE  17227.23649933  .00015057  00000-0  19024-3 0  9996
2 42069  51.6398  99.9879 0007722 150.9705 209.1719 15.59745175 25208
HAVELSAT                
1 42700U 98067LH  17227.85211102  .00009874  00000-0  14041-3 0  9993
2 42700  51.6394  99.5880 0006713 178.6523 181.4488 15.57052358 14236
SOMP 2                  
1 42701U 98067LJ  17227.72981062  .00008473  00000-0  12245-3 0  9997
2 42701  51.6402 100.2740 0006644 178.7469 181.3541 15.56833832 14204
COLUMBIA                
1 42702U 98067LK  17227.80067214  .00020520  00000-0  26482-3 0  9996
2 42702  51.6395  99.2454 0007226 173.2566 186.8525 15.58931038 14155
SGSAT                   
1 42703U 98067LL  17227.82337671  .00016135  00000-0  21571-3 0  9997
2 42703  51.6386  99.3964 0003766 132.8222 227.3088 15.58196172 14144
CXBN-2                  
1 42704U 98067LM  17227.67234940  .00009099  00000-0  13132-3 0  9991
2 42704  51.6397 100.6395 0003129 129.7445 230.3823 15.56773169 14120
ICECUBE                 
1 42705U 98067LN  17227.72913992  .00012825  00000-0  17995-3 0  9991
2 42705  51.6404 100.2735 0003067 129.1537 230.9728 15.57113594 14199
PHOENIX                 
1 42706U 98067LP  17227.72702341  .00008365  00000-0  12067-3 0  9995
2 42706  51.6400 100.2574 0002376 143.6047 216.5107 15.56910693 14124
X-CUBESAT               
1 42707U 98067LQ  17227.79216254  .00009578  00000-0  13700-3 0  9998
2 42707  51.6395  99.9395 0002391 144.5437 215.5714 15.56945227 14127
QBEE50-LTU-OC           
1 42708U 98067LR  17227.73013698  .00009255  00000-0  13283-3 0  9998
2 42708  51.6396 100.2756 0002463 145.3772 214.7380 15.56899801 14077
ALTAIR PATHFINDER       
1 42711U 98067LS  17227.83018502  .00006278  00000-0  95387-4 0  9990
2 42711  51.6396 100.1904 0005343 121.7945 238.3568 15.55995186 13795
SHARC                   
1 42712U 98067LT  17227.82800014  .00005659  00000-0  87040-4 0  9996
2 42712  51.6402 100.1800 0003332 122.3020 237.8294 15.55881069 14038
ZA-AEROSAT              
1 42713U 98067LU  17227.81083728  .00007497  00000-0  11066-3 0  9997
2 42713  51.6399 100.0641 0003302 118.5495 241.5829 15.56461758 13794
LINK                    
1 42714U 98067LV  17227.86752837  .00011790  00000-0  16715-3 0  9994
2 42714  51.6392  99.6905 0003499 125.7440 234.3878 15.56925753 13919
CSUNSAT 1               
1 42715U 98067LW  17227.81685231  .00008083  00000-0  11891-3 0  9994
2 42715  51.6396 100.1013 0005482 114.0873 246.0693 15.56426315 13798
UPSAT                   
1 42716U 98067LX  17227.72634855  .00011060  00000-0  15602-3 0  9994
2 42716  51.6395 100.2496 0005054 177.4907 182.6111 15.57131817 13915
SPACECUBE               
1 42717U 98067LY  17227.86569750  .00008893  00000-0  12851-3 0  9994
2 42717  51.6397  99.6801 0005042 178.5791 181.5216 15.56768212 13175
HOOPOE                  
1 42718U 98067LZ  17227.86049264  .00009541  00000-0  13636-3 0  9991
2 42718  51.6400  99.6466 0005097 177.5258 182.5760 15.56968981 13175
CHALLENGER              
1 42721U 98067MA  17227.86696898  .00012664  00000-0  17722-3 0  9996
2 42721  51.6393  99.6855 0008493 163.2622 196.8651 15.57174880 12873
NJUST-1                 
1 42722U 98067MB  17227.89291578  .00007397  00000-0  11026-3 0  9994
2 42722  51.6397  99.8597 0008198 164.5904 195.5339 15.56201966 12876
UNSW-ECO                
1 42723U 98067MC  17227.88216008  .00009617  00000-0  13896-3 0  9993
2 42723  51.6401  99.7894 0008174 163.4204 196.7057 15.56641820 12852
DUTHSAT                 
1 42724U 98067MD  17227.87357328  .00011997  00000-0  16926-3 0  9995
2 42724  51.6395  99.7310 0007444 164.9172 195.2043 15.57020591 12774
LILACSAT-1              
1 42725U 98067ME  17227.83096764  .00008807  00000-0  12979-3 0  9996
2 42725  51.6399 100.1972 0007194 166.1709 193.9481 15.56236081 12764
NSIGHT-1                
1 42726U 98067MF  17227.84635133  .00006462  00000-0  99339-4 0  9998
2 42726  51.6403 100.3008 0007017 167.0349 193.0824 15.55607508 12775
SNUSAT-1                
1 42727U 98067MG  17227.12369402  .00010246  00000-0  14974-3 0  9999
2 42727  51.6390 103.7187 0008924 128.9269 231.2520 15.56242590 12620
QBITO                   
1 42728U 98067MH  17227.88473739  .00008925  00000-0  13009-3 0  9991
2 42728  51.6403  99.8090 0004374 168.1457 191.9638 15.56527752 12587
AALTO-2                 
1 42729U 98067MJ  17227.88456853  .00008523  00000-0  12453-3 0  9996
2 42729  51.6399  99.8062 0004362 168.4007 191.7086 15.56531430 12596
SUSAT                   
1 42730U 98067MK  17227.88703897  .00007962  00000-0  11720-3 0  9993
2 42730  51.6398  99.8215 0004438 166.8162 193.2946 15.56437086 12588
I-INSPIRE II            
1 42731U 98067ML  17227.88050292  .00010691  00000-0  15330-3 0  9992
2 42731  51.6392  99.7720 0008418 120.5640 239.6184 15.56710513 12637
POLYITAN-2-SAU          
1 42732U 98067MM  17227.88286984  .00009133  00000-0  13260-3 0  9991
2 42732  51.6392  99.7875 0008373 120.0575 240.1248 15.56583961 12634
SNUSAT-1B               
1 42733U 98067MN  17227.88799370  .00009026  00000-0  13187-3 0  9999
2 42733  51.6393  99.8225 0008251 121.2883 238.8918 15.56431545 12634
EXALTA-1                
1 42734U 98067MP  17227.88023182  .00009750  00000-0  14035-3 0  9998
2 42734  51.6394  99.7717 0009975 142.0522 218.1174 15.56713837 12582
AOXIANG-1               
1 42735U 98067MQ  17227.89126941  .00007466  00000-0  11099-3 0  9996
2 42735  51.6397  99.8479 0008847 161.7768 198.3543 15.56254281 14000
BEEAGLESAT              
1 42736U 98067MR  17227.89055459  .00008456  00000-0  12443-3 0  9996
2 42736  51.6395  99.8433 0008778 160.9030 199.2292 15.56328847 12699
ATLANTIS                
1 42737U 98067MS  17226.88545131  .00021772  00000-0  29036-3 0  9998
2 42737  51.6384 104.3786 0009160 155.2407 204.9026 15.57995030 12438
LEMUR-2-ANGELA          
1 42752U 17019B   17227.85572845  .00000557  00000-0  33343-4 0  9998
2 42752  51.6419 114.3970 0010685 191.6880 168.3853 15.27562625 10417
LEMUR-2-JENNYBARNA      
1 42753U 17019C   17226.93763057  .00000987  00000-0  48900-4 0  9996
2 42753  51.6404 118.7691 0010596 187.5843 172.4978 15.27651124 10220
LEMUR-2-ROBMOORE        
1 42754U 17019D   17227.33535128  .00000515  00000-0  31869-4 0  9991
2 42754  51.6423 116.9215 0010609 192.6709 167.4005 15.27494907 10316
LEMUR-2-SPIROVISION     
1 42755U 17019E   17227.26847960  .00000917  00000-0  46491-4 0  9997
2 42755  51.6420 117.2250 0010587 191.9477 168.1252 15.27555372 10198
UCLSAT                  
1 42765U 17036A   17226.91149299  .00001177  00000-0  56461-4 0  9995
2 42765  97.4453 286.0612 0013729  72.4141 287.8593 15.20786628  8144
LITUANICASAT-2          
1 42768U 17036D   17227.14818742  .00001869  00000-0  90455-4 0  9999
2 42768  97.4454 286.2036 0017756  60.8492 299.4517 15.19696481  8054
INFLATESAIL             
1 42770U 17036F   17227.86303615  .00183584  00000-0  48604-2 0  9991
2 42770  97.4472 287.5454 0008260 140.7760 219.4084 15.37603970  8132
LEMUR-2-SHAINAJOHL      
1 42771U 17036G   17227.14237703  .00001435  00000-0  69928-4 0  9995
2 42771  97.4455 286.2125 0016874  60.3832 299.9079 15.19850832  7993
LEMUR-2-XUENITERENCE    
1 42772U 17036H   17227.46962672  .00001445  00000-0  70261-4 0  9994
2 42772  97.4454 286.5392 0016503  59.0868 301.1987 15.19905549  8042
LEMUR-2-LUCYBRYCE       
1 42773U 17036J   17227.86282455  .00001807  00000-0  86920-4 0  9994
2 42773  97.4453 286.9318 0016263  57.8381 302.4429 15.19967443  8106
LEMUR-2-KUNGFOO         
1 42774U 17036K   17227.53305500  .00001424  00000-0  69174-4 0  9993
2 42774  97.4456 286.6097 0016252  58.6490 301.6333 15.19963025  8049
AALTO-1                 
1 42775U 17036L   17227.79341881  .00000831  00000-0  41680-4 0  9997
2 42775  97.4454 286.8726 0015831  56.6817 303.5931 15.20012696  8093
URSA MAIOR              
1 42776U 17036M   17227.52878830  .00000860  00000-0  42953-4 0  9994
2 42776  97.4457 286.6162 0015712  57.9747 302.3012 15.20050648  8055
COMPASS 2               
1 42777U 17036N   17227.84836990  .00001566  00000-0  74938-4 0  9993
2 42777  97.4465 286.9603 0014851  61.4657 298.8072 15.20362843  8093
LEMUR-2-LYNSEY-SYMO     
1 42779U 17036Q   17227.31499402  .00001897  00000-0  89614-4 0  9994
2 42779  97.4459 286.4432 0014503  69.4466 290.8324 15.20568442  8009
LEMUR-2-LISASAURUS      
1 42780U 17036R   17227.31418879  .00001545  00000-0  73552-4 0  9999
2 42780  97.4455 286.4422 0014416  69.2099 291.0679 15.20575942  8019
LEMUR-2-SAM-AMELIA      
1 42781U 17036S   17227.51069641  .00001902  00000-0  89714-4 0  9995
2 42781  97.4455 286.6377 0014327  69.1135 291.1633 15.20621027  8031
LEMUR-2-MCPEAKE         
1 42782U 17036T   17227.77294530  .00001772  00000-0  83715-4 0  9991
2 42782  97.4457 286.9005 0014177  68.1470 292.1272 15.20646934  8077
DIAMOND RED             
1 42783U 17036U   17227.77250108  .00001037  00000-0  50334-4 0  9990
2 42783  97.4455 286.8999 0014271  69.3674 290.9090 15.20617119  8089
PEGASUS                 
1 42784U 17036V   17227.24500050  .00001156  00000-0  55725-4 0  9998
2 42784  97.4456 286.3820 0014248  71.1794 289.0985 15.20652744  8004
DIAMOND GREEN           
1 42785U 17036W   17227.83708444  .00000815  00000-0  40237-4 0  9994
2 42785  97.4456 286.9680 0014177  69.2908 290.9846 15.20642523  8080
DIAMOND BLUE            
1 42786U 17036X   17227.83550879  .00000798  00000-0  39387-4 0  9996
2 42786  97.4455 286.9695 0014023  69.6472 290.6268 15.20678356  8095
NUDTSAT                 
1 42787U 17036Y   17227.83329045  .00001635  00000-0  77175-4 0  9994
2 42787  97.4455 286.9718 0013879  69.9613 290.3115 15.20795985  7938
SUCHAI                  
1 42788U 17036Z   17226.84700121  .00001282  00000-0  61286-4 0  9997
2 42788  97.4455 285.9953 0013919  72.7563 287.5194 15.20754742  8011
SKCUBE                  
1 42789U 17036AA  17226.91137114  .00001200  00000-0  57509-4 0  9995
2 42789  97.4454 286.0617 0013727  72.5621 287.7113 15.20792023  7948
VZLUSAT-1               
1 42790U 17036AB  17226.71142313  .00001415  00000-0  67074-4 0  9998
2 42790  97.4452 285.8681 0013473  73.6492 286.6224 15.20876885  7919
ROBUSTA-1B              
1 42792U 17036AD  17226.84136496  .00001252  00000-0  59661-4 0  9991
2 42792  97.4452 286.0001 0013308  73.9896 286.2805 15.20915826  7941
CICERO 6                
1 42793U 17036AE  17227.82129500  .00000935  00000-0  45131-4 0  9993
2 42793  97.4451 286.9843 0012356  71.8607 288.3973 15.21092975  8169
D-SAT                   
1 42794U 17036AF  17227.81872621  .00000775  00000-0  37881-4 0  9997
2 42794  97.4448 286.9860 0011489  69.7337 290.5133 15.21158302  8088
TOKI                    
1 42820U 98067MU  17227.03741250  .00009360  00000-0  14049-3 0  9996
2 42820  51.6394 104.6439 0004121 106.8809 253.2634 15.55655651  6019
GHANASAT-1              
1 42821U 98067MV  17227.03846319  .00009055  00000-0  13640-3 0  9996
2 42821  51.6395 104.6509 0004159 109.0766 251.0676 15.55602435  5997
MAZAALAI (NUMSAT-1)     
1 42822U 98067MW  17227.48875960  .00008081  00000-0  12255-3 0  9999
2 42822  51.6398 102.4087 0004175 112.6532 247.4901 15.55591115  6068
BRAC ONNESHA            
1 42823U 98067MX  17227.10442331  .00009400  00000-0  14155-3 0  9998
2 42823  51.6398 104.3430 0007737 125.0023 235.1695 15.55545536  6006
NIGERIAEDUSAT-1         
1 42824U 98067MY  17227.87671239  .00008071  00000-0  12276-3 0  9999
2 42824  51.6401 100.5009 0007539 128.9345 231.2319 15.55499613  6117
LEMUR-2-GREENBERG       
1 42837U 17042N   17227.21273403  .00000350  00000-0  40774-4 0  9993
2 42837  97.6115 135.7901 0014489 130.5994 229.6487 14.90989256  4755
LEMUR-2-ANDIS           
1 42838U 17042P   17227.21233675  .00000546  00000-0  60518-4 0  9996
2 42838  97.6115 135.7902 0014545 130.9862 229.2618 14.91012776  4755
LEMUR-2-MONSON          
1 42839U 17042Q   17227.47846369  .00000335  00000-0  39185-4 0  9997
2 42839  97.6114 136.0520 0014289 129.2740 230.9749 14.91112728  4792
LEMUR-2-FURIAUS         
1 42840U 17042R   17227.47790156  .00000468  00000-0  52540-4 0  9998
2 42840  97.6113 136.0525 0014328 129.3255 230.9236 14.91142785  4780
LEMUR-2-PETERG          
1 42841U 17042S   17227.47497593  .00000311  00000-0  36621-4 0  9997
2 42841  97.6114 136.0564 0014091 127.9356 232.3139 14.91277239  4790
LEMUR-2-DEMBITZ         
1 42842U 17042T   17227.80999972  .00000314  00000-0  36936-4 0  9995
2 42842  97.6112 136.3803 0014086 127.3833 232.8671 14.91297578  4846
LEMUR-2-ZACHARY         
1 42845U 17042W   17227.46961115  .00000236  00000-0  28917-4 0  9991
2 42845  97.6062 136.0391 0014302 133.4515 226.7897 14.91525560  4799
FLOCK 2K-03             
1 42850U 17042AB  17226.81256540  .00002560  00000-0  83832-4 0  9993
2 42850  96.9992 134.1168 0013846 134.8855 225.3514 15.32426795  4634
FLOCK 2K-04             
1 42851U 17042AC  17226.81318902  .00001508  00000-0  50436-4 0  9990
2 42851  96.9999 134.1170 0013385 135.1349 225.0978 15.32365888  4631
FLOCK 2K-01             
1 42852U 17042AD  17227.20443230  .00001554  00000-0  51833-4 0  9991
2 42852  96.9999 134.4882 0013399 133.2998 226.9365 15.32396160  4692
FLOCK 2K-02             
1 42853U 17042AE  17227.46538640  .00002419  00000-0  79354-4 0  9999
2 42853  97.0001 134.7367 0013351 131.8540 228.3844 15.32433934  4739
FLOCK 2K-47             
1 42854U 17042AF  17227.46471852  .00005267  00000-0  16989-3 0  9999
2 42854  96.9990 134.7354 0013382 131.6765 228.5626 15.32466943  4738
FLOCK 2K-48             
1 42855U 17042AG  17226.81153531  .00001344  00000-0  45063-4 0  9997
2 42855  97.0000 134.1193 0013247 133.6304 226.6040 15.32447009  4639
FLOCK 2K-45             
1 42856U 17042AH  17226.81083366  .00003817  00000-0  12356-3 0  9991
2 42856  96.9992 134.1195 0013404 133.0971 227.1396 15.32514999  4632
FLOCK 2K-24             
1 42857U 17042AJ  17227.78972361  .00002162  00000-0  70965-4 0  9994
2 42857  96.9993 135.0456 0013360 129.4384 230.8044 15.32522348  4786
FLOCK 2K-46             
1 42858U 17042AK  17227.20196732  .00003543  00000-0  11479-3 0  9990
2 42858  96.9994 134.4917 0013467 131.3812 228.8591 15.32535337  4695
FLOCK 2K-23             
1 42859U 17042AL  17226.81013360  .00005718  00000-0  18382-3 0  9998
2 42859  96.9994 134.1210 0013349 132.7668 227.4701 15.32539351  4634
FLOCK 2K-21             
1 42860U 17042AM  17227.39704419  .00003559  00000-0  11510-3 0  9993
2 42860  96.9993 134.6777 0013439 130.0448 230.1976 15.32591978  4723
FLOCK 2K-22             
1 42861U 17042AN  17227.46192343  .00005222  00000-0  16771-3 0  9992
2 42861  96.9993 134.7406 0013485 129.9799 230.2630 15.32610278  4735
FLOCK 2K-07             
1 42862U 17042AP  17226.80823235  .00001656  00000-0  54715-4 0  9999
2 42862  96.9998 134.1233 0013438 131.5572 228.6825 15.32613126  4641
FLOCK 2K-08             
1 42863U 17042AQ  17227.39525984  .00005292  00000-0  16949-3 0  9991
2 42863  96.9991 134.6789 0013651 129.6665 230.5784 15.32688291  4724
FLOCK 2K-05             
1 42864U 17042AR  17227.78660875  .00005517  00000-0  17656-3 0  9990
2 42864  96.9993 135.0509 0013707 128.4556 231.7920 15.32696645  4783
FLOCK 2K-40             
1 42865U 17042AS  17226.80694575  .00005149  00000-0  16490-3 0  9993
2 42865  96.9994 134.1251 0013555 131.7957 228.4447 15.32703873  4635
FLOCK 2K-39             
1 42866U 17042AT  17227.72091477  .00005910  00000-0  18885-3 0  9994
2 42866  96.9992 134.9897 0013681 128.5963 231.6508 15.32714466  4778
FLOCK 2K-37             
1 42867U 17042AU  17227.78610753  .00006153  00000-0  19649-3 0  9994
2 42867  96.9994 135.0517 0013611 128.3270 231.9199 15.32720811  4785
FLOCK 2K-38             
1 42868U 17042AV  17227.78547695  .00005431  00000-0  17358-3 0  9992
2 42868  96.9993 135.0526 0013694 128.2965 231.9511 15.32744232  4787
FLOCK 2K-31             
1 42869U 17042AW  17227.19702375  .00005393  00000-0  17206-3 0  9995
2 42869  96.9991 134.4969 0013783 129.8787 230.3670 15.32801664  4690
FLOCK 2K-32             
1 42870U 17042AX  17227.45802737  .00005951  00000-0  18967-3 0  9994
2 42870  96.9993 134.7449 0013773 129.4945 230.7518 15.32795718  4733
FLOCK 2K-29             
1 42871U 17042AY  17227.71897223  .00005170  00000-0  16500-3 0  9992
2 42871  96.9995 134.9927 0013851 128.2114 232.0379 15.32809070  4772
FLOCK 2K-30             
1 42872U 17042AZ  17226.80432229  .00001459  00000-0  48181-4 0  9990
2 42872  96.9999 134.1277 0013735 131.6883 228.5538 15.32803647  4624
FLOCK 2K-44             
1 42873U 17042BA  17226.99839585  .00005653  00000-0  17932-3 0  9996
2 42873  96.9993 134.3163 0014796 122.1258 238.1423 15.32950725  4668
FLOCK 2K-43             
1 42874U 17042BB  17226.80232474  .00005346  00000-0  16977-3 0  9998
2 42874  96.9992 134.1303 0014821 123.3161 236.9504 15.32942327  4639
FLOCK 2K-41             
1 42875U 17042BC  17227.38939751  .00001649  00000-0  53946-4 0  9995
2 42875  96.9997 134.6865 0014782 121.2053 239.0641 15.32925008  4729
FLOCK 2K-36             
1 42876U 17042BD  17227.45370572  .00005115  00000-0  16199-3 0  9994
2 42876  96.9994 134.7508 0015020 121.1001 239.1718 15.33046299  4734
FLOCK 2K-35             
1 42877U 17042BE  17227.71454367  .00001660  00000-0  54198-4 0  9992
2 42877  96.9999 134.9980 0014950 120.3604 239.9119 15.32987243  4776
FLOCK 2K-34             
1 42878U 17042BF  17227.32256976  .00005334  00000-0  16877-3 0  9999
2 42878  96.9990 134.6257 0015064 121.5889 238.6827 15.33057278  4710
FLOCK 2K-33             
1 42879U 17042BG  17227.32188575  .00005446  00000-0  17179-3 0  9999
2 42879  96.9990 134.6270 0015091 121.2668 239.0056 15.33145200  4710
FLOCK 2K-28             
1 42880U 17042BH  17226.80047203  .00001522  00000-0  49871-4 0  9991
2 42880  97.0000 134.1332 0014796 123.1672 237.0993 15.32993482  4638
LEMUR-2-ARTFISCHER      
1 42881U 17042BJ  17227.51741688  .00002726  00000-0  87260-4 0  9990
2 42881  97.0022 134.8198 0015690 124.1544 236.1190 15.33087300  4737
FLOCK 2K-27             
1 42882U 17042BK  17226.79924590  .00003983  00000-0  12639-3 0  9998
2 42882  96.9994 134.1348 0015094 123.0168 237.2528 15.33112329  4638
FLOCK 2K-26             
1 42883U 17042BL  17227.45091075  .00005124  00000-0  16137-3 0  9992
2 42883  96.9993 134.7532 0015283 120.8044 239.4706 15.33217530  4730
FLOCK 2K-25             
1 42884U 17042BM  17227.77745656  .00001608  00000-0  52369-4 0  9990
2 42884  96.9995 135.0607 0015165 119.7887 240.4866 15.33099605  4786
FLOCK 2K-20             
1 42885U 17042BN  17227.45030909  .00005015  00000-0  15806-3 0  9994
2 42885  96.9994 134.7546 0015357 120.7770 239.4987 15.33202180  4731
FLOCK 2K-19             
1 42886U 17042BP  17227.71125012  .00001672  00000-0  54309-4 0  9991
2 42886  96.9999 135.0024 0015258 119.8135 240.4628 15.33145362  4772
FLOCK 2K-18             
1 42887U 17042BQ  17227.70984229  .00005171  00000-0  16228-3 0  9999
2 42887  96.9993 135.0033 0015525 119.3865 240.8931 15.33322798  4770
FLOCK 2K-17             
1 42888U 17042BR  17227.44919922  .00005380  00000-0  16905-3 0  9993
2 42888  96.9990 134.7539 0015431 120.2634 240.0139 15.33265843  4731
FLOCK 2K-16             
1 42889U 17042BS  17227.71009552  .00001542  00000-0  50168-4 0  9999
2 42889  97.0000 135.0038 0015297 118.9373 241.3407 15.33197899  4779
FLOCK 2K-15             
1 42890U 17042BT  17226.73027733  .00005407  00000-0  16963-3 0  9991
2 42890  96.9996 134.0787 0015450 122.1459 238.1286 15.33313368  4620
FLOCK 2K-13             
1 42891U 17042BU  17226.99022833  .00005124  00000-0  16046-3 0  9994
2 42891  96.9992 134.3253 0015534 120.7436 239.5340 15.33395059  4667
FLOCK 2K-14             
1 42892U 17042BV  17227.18692592  .00001700  00000-0  55001-4 0  9993
2 42892  96.9996 134.5083 0015370 120.1023 240.1746 15.33248758  4693
FLOCK 2K-12             
1 42893U 17042BW  17227.31634566  .00001712  00000-0  55258-4 0  9993
2 42893  97.0000 134.6354 0015433 119.0914 241.1877 15.33303946  4710
FLOCK 2K-11             
1 42894U 17042BX  17227.70743282  .00005323  00000-0  16657-3 0  9994
2 42894  96.9995 135.0071 0015533 117.5783 242.7040 15.33400561  4777
FLOCK 2K-10             
1 42895U 17042BY  17227.31555988  .00001705  00000-0  54971-4 0  9998
2 42895  96.9995 134.6344 0015347 118.2083 242.0713 15.33341676  4715
FLOCK 2K-09             
1 42896U 17042BZ  17227.31450001  .00001751  00000-0  56319-4 0  9998
2 42896  96.9997 134.6370 0015159 116.7748 243.5048 15.33398050  4882
FLOCK 2K-06             
1 42897U 17042CA  17226.80661604  .00005669  00000-0  18111-3 0  9994
2 42897  96.9992 134.1253 0013713 131.1119 229.1310 15.32736733  4638
SILU-1 (SILKROAD 1)     
1 42903U 17021F   17227.85304030  .00008596  00000-0  11143-3 0  9992
2 42903  42.7820   0.4444 0006894 308.1961 188.9648 15.59128814  2071
