GOES 1 (SMS-C) [-]      
1 08366U 75100A   17227.34122497 -.00000237  00000-0  00000+0 0  9999
2 08366  11.9527 317.8051 0005323 269.7638 137.0471  1.00256949152848
GOES 2 [-]              
1 10061U 77048A   17227.46413691  .00000071  00000-0  00000+0 0  9994
2 10061  13.1971 326.8970 0015777 316.3783  74.8981  0.99395760 91437
GOES 3 [-]              
1 10953U 78062A   17227.15573990 -.00000280  00000-0  00000+0 0  9999
2 10953  13.3482 330.4928 0003153 275.7351  95.0373  0.99362962 96527
GOES 4 [-]              
1 11964U 80074A   17226.67333189 -.00000321  00000-0  00000+0 0  9994
2 11964  14.1278 334.2333 0031373  13.2171   2.5702  0.99233470 95590
GOES 5 [-]              
1 12472U 81049A   17226.26775049 -.00000289  00000-0  00000+0 0  9995
2 12472  14.3216 344.4422 0005079 243.0098 122.0920  1.00247463 90580
GOES 6 [-]              
1 14050U 83041A   17227.28137605 -.00000272  00000-0  00000+0 0  9998
2 14050  14.5530 349.3066 0003109 211.3743 148.1452  1.00256221183696
GOES 7 [-]              
1 17561U 87022A   17227.34285487 -.00000267  00000-0  00000+0 0  9994
2 17561  15.1468   5.1904 0004194 290.8689 251.9480  0.99893310 94730
GOES 8 [-]              
1 23051U 94022A   17227.04215900  .00000040  00000-0  00000+0 0  9991
2 23051  11.4617  38.3380 0006513 227.2703 135.5706  0.98902900 92191
GOES 9 [-]              
1 23581U 95025A   17225.46325765 -.00000098  00000-0  00000+0 0  9992
2 23581  10.9585  37.8130 0003674 114.8534 260.4547  0.98799337 80840
GOES 10 [-]             
1 24786U 97019A   17226.07454807  .00000062  00000-0  00000+0 0  9993
2 24786   9.3441  42.5644 0030376 163.8521 196.3551  0.99121094 74051
GOES 11 [-]             
1 26352U 00022A   17227.12757703  .00000056  00000-0  00000+0 0  9993
2 26352   5.0708  73.4180 0004965 141.8497 223.0952  0.99039656 63022
GOES 12 [-]             
1 26871U 01031A   17226.92340799 -.00000102  00000-0  00000+0 0  9993
2 26871   6.4360  59.5774 0008391 225.9956 108.9142  0.99135495 58723
GOES 13 [+]             
1 29155U 06018A   17227.30790513 -.00000265  00000-0  00000+0 0  9997
2 29155   0.0495 269.0198 0003362 212.2334 238.7769  1.00265817 41151
GOES 14 [S]             
1 35491U 09033A   17227.39076881 -.00000107  00000-0  00000+0 0  9996
2 35491   0.4220 274.0491 0008999 297.7217 148.1715  1.00273947 29796
GOES 15 [+]             
1 36411U 10008A   17227.47477229  .00000073  00000-0  00000+0 0  9994
2 36411   0.3941 275.5112 0005423 258.3915 186.1004  1.00266990 27321
GOES 16 [S]             
1 41866U 16071A   17227.34797746 -.00000200  00000-0  00000+0 0  9998
2 41866   0.0051 272.6782 0000455 304.2988 143.0171  1.00272025  2744
