IRIDIUM 33 DEB 
1 33771U 97051J   09048.59742057 -.00001730  00000-0 -62226-3 0  9997
2 33771 086.4084 118.4846 0001437 178.9434 181.1707 14.34439661   978
IRIDIUM 33 DEB 
1 33772U 97051K   09048.59116402  .00002937  00000-0  13138-2 0  9992
2 33772 086.4347 118.6520 0063194 063.9834 296.7818 14.21253400   985
IRIDIUM 33 DEB 
1 33773U 97051L   09048.59600620 -.00000044  00000-0 -22558-4 0  9990
2 33773 086.4035 118.4631 0013537 143.6971 216.5158 14.34744933   959
IRIDIUM 33 DEB 
1 33774U 97051M   09048.42123640  .00001067  00000-0  42514-3 0  9992
2 33774 086.4191 118.6301 0032819 062.0626 298.3872 14.27397007   908
IRIDIUM 33 DEB 
1 33775U 97051N   09048.61459664 -.00001220  00000-0 -47233-3 0  9998
2 33775 086.3673 118.3336 0017106 056.1936 304.0959 14.30880735   953
IRIDIUM 33 DEB 
1 33776U 97051P   09048.61428987 -.00000029  00000-0 -18452-4 0  9991
2 33776 086.4053 118.4869 0017011 059.1743 301.1131 14.30953458   956
IRIDIUM 33 DEB 
1 33777U 97051Q   09048.59727411  .00000446  00000-0  15131-3 0  9994
2 33777 086.3873 118.4005 0007346 323.3899 036.6801 14.34487895   928
IRIDIUM 33 DEB 
1 33778U 97051R   09048.42233958  .00003611  00000-0  14655-2 0  9991
2 33778 086.3166 118.1964 0029296 052.0222 308.3620 14.27175736   837
IRIDIUM 33 DEB 
1 33849U 97051S   09050.63435046  .00001182  00000-0  61897-3 0  9990
2 33849 086.1323 116.6138 0120327 062.2409 299.0919 14.09806317   981
IRIDIUM 33 DEB 
1 33850U 97051T   09050.70826478  .00000156  00000-0  51098-4 0  9996
2 33850 086.3452 117.3623 0015350 069.5351 290.7491 14.31565796   891
IRIDIUM 33 DEB 
1 33851U 97051U   09050.74284168  .00001276  00000-0  32786-3 0  9991
2 33851 086.4058 117.4967 0064532 216.5386 143.1414 14.48239650   953
IRIDIUM 33 DEB 
1 33852U 97051V   09050.65629924  .00011572  00000-0  35827-2 0  9993
2 33852 086.2005 116.6917 0063057 288.8849 070.5468 14.39981909   871
IRIDIUM 33 DEB 
1 33853U 97051W   09050.65371409 -.00000268  00000-0 -20569-3 0  9996
2 33853 086.0072 116.2352 0241454 060.6230 301.8803 13.84382962   834
IRIDIUM 33 DEB 
1 33854U 97051X   09050.72715041  .00000937  00000-0  29245-3 0  9990
2 33854 086.2386 116.8336 0025666 202.0137 157.9971 14.39662685   881
IRIDIUM 33 DEB 
1 33855U 97051Y   09050.64464487 -.00002337  00000-0 -16816-2 0  9994
2 33855 086.3958 117.8620 0227447 047.1848 314.8137 13.85780519   899
IRIDIUM 33 DEB 
1 33856U 97051Z   09050.64974006  .00001661  00000-0  50686-3 0  9999
2 33856 086.3367 117.5338 0040805 209.9344 149.9513 14.40935731   869
IRIDIUM 33 DEB 
1 33857U 97051AA  09050.66169558  .00004208  00000-0  16684-2 0  9999
2 33857 086.4722 117.9697 0053004 349.7323 010.2749 14.27882079   854
IRIDIUM 33 DEB 
1 33858U 97051AB  09050.67906050 -.00000903  00000-0 -30795-3 0  9997
2 33858 086.1608 116.5402 0071980 140.5696 220.0768 14.36202971   834
IRIDIUM 33 DEB 
1 33859U 97051AC  09050.67701850  .00001523  00000-0  63193-3 0  9994
2 33859 086.3490 117.4153 0042065 040.8345 319.5975 14.25413107   831
IRIDIUM 33 DEB 
1 33860U 97051AD  09050.68444352  .00000364  00000-0  11997-3 0  9995
2 33860 086.3958 117.5565 0017318 145.5142 214.7184 14.35363505  1196
IRIDIUM 33 DEB 
1 33861U 97051AE  09050.70925759  .00011445  00000-0  25648-2 0  9993
2 33861 086.4362 117.5774 0095349 218.4221 140.9957 14.53734455  1236
IRIDIUM 33 DEB 
1 33862U 97051AF  09050.67818816 -.00000488  00000-0 -16974-3 0  9995
2 33862 086.4209 117.6536 0062576 305.4086 054.1275 14.36363974  1252
IRIDIUM 33 DEB 
1 33863U 97051AG  09050.64263622  .00027561  00000-0  10337-1 0  9996
2 33863 086.4674 117.8315 0032823 265.5931 094.1276 14.31201238  1189
IRIDIUM 33 DEB 
1 33864U 97051AH  09050.62911591  .00000207  00000-0  68319-4 0  9994
2 33864 086.2847 117.1188 0006960 035.9467 324.2198 14.33048650  1153
IRIDIUM 33 DEB 
1 33865U 97051AJ  09050.64316482  .00001300  00000-0  47621-3 0  9992
2 33865 086.3591 117.4499 0069390 119.7530 241.0571 14.30800951  1155
IRIDIUM 33 DEB 
1 33866U 97051AK  09050.72801923  .00000111  00000-0  51556-4 0  9993
2 33866 086.2932 117.2777 0132045 045.7050 315.4870 14.06257390  1215
IRIDIUM 33 DEB 
1 33867U 97051AL  09050.71763652  .00000656  00000-0  19625-3 0  9993
2 33867 086.4239 117.6353 0033894 250.9515 108.8001 14.41184885  1206
IRIDIUM 33 DEB 
1 33868U 97051AM  09050.72882819  .00000753  00000-0  23502-3 0  9999
2 33868 086.3504 117.3182 0023037 212.0851 147.8943 14.39395912  1174
IRIDIUM 33 DEB 
1 33869U 97051AN  09050.68637321  .00001887  00000-0  95907-3 0  9998
2 33869 086.3787 117.6132 0101032 044.4309 316.4895 14.12793623  1175
IRIDIUM 33 DEB 
1 33870U 97051AP  09050.65461393  .00000321  00000-0  11877-3 0  9997
2 33870 086.3825 117.5505 0027509 061.7703 298.6261 14.28968639  1186
IRIDIUM 33 DEB 
1 33871U 97051AQ  09050.72175161  .00036214  00000-0  19809-1 0  9992
2 33871 086.3868 117.6165 0129658 054.0891 307.2326 14.07536033  1183
IRIDIUM 33 DEB 
1 33872U 97051AR  09050.72611832  .00000660  00000-0  20342-3 0  9995
2 33872 086.3364 117.2573 0025651 208.3933 151.5860 14.39826940  1179
IRIDIUM 33 DEB 
1 33873U 97051AS  09050.68466631  .00000946  00000-0  32229-3 0  9990
2 33873 086.3789 117.5185 0022353 147.8681 212.3878 14.35331571  1190
IRIDIUM 33 DEB 
1 33874U 97051AT  09050.68117309  .00001373  00000-0  68637-3 0  9993
2 33874 086.2914 117.2491 0098127 052.5790 308.4266 14.13604817  1170
IRIDIUM 33 DEB 
1 33875U 97051AU  09050.69127000  .00000224  00000-0  57123-4 0  9997
2 33875 086.4179 117.4881 0046702 237.4022 122.2635 14.45408785  1202
IRIDIUM 33 DEB 
1 33876U 97051AV  09050.70771226  .00001015  00000-0  36833-3 0  9998
2 33876 086.2180 116.8118 0050548 118.7391 241.8885 14.31654001  1194
IRIDIUM 33 DEB 
1 33877U 97051AW  09050.72755989  .00011129  00000-0  52945-2 0  9997
2 33877 086.1683 116.6734 0082160 027.8198 332.7217 14.17514711  1145
IRIDIUM 33 DEB 
1 33878U 97051AX  09050.63820834  .00001489  00000-0  79310-3 0  9994
2 33878 086.3376 117.4860 0118424 047.0945 314.0098 14.09206435  1167
IRIDIUM 33 DEB 
1 33879U 97051AY  09050.68733699  .00000988  00000-0  34051-3 0  9998
2 33879 086.3651 117.4288 0013249 142.2046 218.0044 14.34907091  1198
IRIDIUM 33 DEB 
1 33880U 97051AZ  09050.71923826 -.00000717  00000-0 -28586-3 0  9995
2 33880 086.4353 117.7251 0023145 074.8079 285.5399 14.29860912  1191
IRIDIUM 33 DEB 
1 33881U 97051BA  09050.69513725 -.00000490  00000-0 -26498-3 0  9994
2 33881 086.3870 117.6553 0114494 064.3764 296.9185 14.11391735  1150
IRIDIUM 33 DEB 
1 33882U 97051BB  09050.70184935  .00001297  00000-0  36237-3 0  9990
2 33882 086.3129 117.1467 0078337 279.5993 079.6328 14.43722142  1202
IRIDIUM 33 DEB 
1 33883U 97051BC  09050.67163109  .00001568  00000-0  49789-3 0  9994
2 33883 086.1790 116.6228 0082350 143.1486 217.5416 14.37414448  1208
IRIDIUM 33 DEB 
1 33884U 97051BD  09050.68595506  .00000253  00000-0  81641-4 0  9990
2 33884 086.3845 117.5058 0003277 180.3936 179.7267 14.35122215  1194
IRIDIUM 33 DEB 
1 33885U 97051BE  09050.69826700  .00010512  00000-0  38124-2 0  9990
2 33885 086.3933 117.5514 0006173 065.7181 294.4443 14.33253965  1169
IRIDIUM 33 DEB 
1 33886U 97051BF  09050.70885029 -.00000043  00000-0 -23609-4 0  9996
2 33886 086.3842 117.5216 0017254 077.0554 283.2572 14.31470419  1162
IRIDIUM 33 DEB 
1 33887U 97051BG  09050.69617789  .00000084  00000-0  23224-4 0  9997
2 33887 086.3042 117.1748 0009650 103.0098 257.2167 14.33487226  1162
IRIDIUM 33 DEB 
1 33888U 97051BH  09050.71025744  .00000637  00000-0  28333-3 0  9994
2 33888 086.3219 117.3233 0066402 046.5677 314.0987 14.20143878  1151
IRIDIUM 33 DEB 
1 33949U 97051BJ  09051.64142806  .00003591  00000-0  14325-2 0  9991
2 33949 086.4043 117.2352 0028308 053.4122 306.9660 14.28071496  1108
IRIDIUM 33 DEB 
1 33950U 97051BK  09051.63243844  .00000842  00000-0  32210-3 0  9996
2 33950 086.3887 117.1603 0024644 043.4183 316.8945 14.29337381  1327
IRIDIUM 33 DEB 
1 33951U 97051BL  09051.64882707  .00002094  00000-0  84748-3 0  9999
2 33951 086.4563 117.4699 0036715 061.7755 298.7139 14.26995458  1288
IRIDIUM 33 DEB 
1 33952U 97051BM  09051.60478638  .00000660  00000-0  23165-3 0  9993
2 33952 086.3614 117.0341 0024819 116.9427 243.4308 14.33325469  1323
IRIDIUM 33 DEB 
1 33953U 97051BN  09051.62677434  .00000386  00000-0  14105-3 0  9990
2 33953 086.3967 117.1999 0028358 083.8021 276.6401 14.30147470  1322
IRIDIUM 33 DEB 
1 33954U 97051BP  09051.65458502  .00000650  00000-0  26162-3 0  9997
2 33954 086.3927 117.1998 0038657 043.3630 317.0580 14.26155006  1325
IRIDIUM 33 DEB 
1 33955U 97051BQ  09051.62696276  .00001975  00000-0  89833-3 0  9992
2 33955 086.3838 117.2150 0067975 032.1253 328.4043 14.20055194  1310
IRIDIUM 33 DEB 
1 33956U 97051BR  09051.66856834  .00000587  00000-0  24259-3 0  9994
2 33956 086.4354 117.3987 0056052 070.9740 289.7474 14.24151930  1292
IRIDIUM 33 DEB 
1 33957U 97051BS  09051.68269636  .00005457  00000-0  28127-2 0  9993
2 33957 086.3757 117.2004 0105236 030.7847 329.9472 14.12158459  1283
IRIDIUM 33 DEB 
1 33958U 97051BT  09051.66833964  .00001842  00000-0  64257-3 0  9992
2 33958 086.3487 116.9375 0046943 309.8280 049.8743 14.34243188  1301
IRIDIUM 33 DEB 
1 33959U 97051BU  09051.67666223  .00000868  00000-0  43424-3 0  9996
2 33959 086.3612 117.1453 0101095 035.3317 325.4505 14.12966369  1289
IRIDIUM 33 DEB 
1 33960U 97051BV  09051.66619825  .00000465  00000-0  15792-3 0  9993
2 33960 086.2762 116.6290 0004265 305.3524 054.7259 14.34533600  1303
IRIDIUM 33 DEB 
1 33961U 97051BW  09051.63042665  .00000889  00000-0  33512-3 0  9993
2 33961 086.2836 116.7088 0049977 104.1788 256.4955 14.29622320  1326
IRIDIUM 33 DEB 
1 33962U 97051BX  09051.68874261  .00000730  00000-0  26778-3 0  9995
2 33962 086.3617 117.0168 0021667 087.7743 272.5921 14.31296502  1303
IRIDIUM 33 DEB 
1 33963U 97051BY  09051.66983957  .00005705  00000-0  49649-2 0  9995
2 33963 085.6133 114.2435 0329731 050.9834 312.0107 13.63771114  1173
IRIDIUM 33 DEB 
1 33964U 97051BZ  09051.65820184  .00001197  00000-0  40539-3 0  9998
2 33964 086.3490 116.9409 0034907 301.5093 058.2696 14.35696169  1301
IRIDIUM 33 DEB 
1 33965U 97051CA  09051.67781896  .00000613  00000-0  21729-3 0  9999
2 33965 086.3791 117.0876 0013186 095.2100 265.0596 14.32864317  1236
IRIDIUM 33 DEB 
1 33966U 97051CB  09051.65967305  .00000148  00000-0  44609-4 0  9995
2 33966 086.3956 117.1514 0006074 265.1063 094.9429 14.35472703  1123
IRIDIUM 33 DEB 
1 33967U 97051CC  09051.68241124 -.00001840  00000-0 -68774-3 0  9993
2 33967 086.3973 117.1651 0033299 111.6819 248.7909 14.32178147  1234
IRIDIUM 33 DEB 
1 33968U 97051CD  09051.68437623  .00009242  00000-0  33976-2 0  9992
2 33968 086.4181 117.1088 0019957 001.8789 358.2481 14.32468978   989
IRIDIUM 33 DEB 
1 34071U 97051CE  09054.67367687  .00000211  00000-0  68855-4 0  9995
2 34071 086.3499 115.6706 0011309 099.7850 260.4633 14.33637287  1597
IRIDIUM 33 DEB 
1 34072U 97051CF  09054.62387509  .00010239  00000-0  32493-2 0  9994
2 34072 086.3185 115.3278 0041671 233.4670 126.2678 14.39414532   929
IRIDIUM 33 DEB 
1 34073U 97051CG  09054.69606372  .00001139  00000-0  42384-3 0  9994
2 34073 086.4061 115.9734 0015907 030.7333 329.4765 14.31179726  1159
IRIDIUM 33 DEB 
1 34074U 97051CH  09054.88597223  .00004698  00000-0  19530-2 0  9999
2 34074 086.3112 115.4750 0040306 043.4090 317.0373 14.25786256  1031
IRIDIUM 33 DEB 
1 34075U 97051CJ  09054.61104329  .00000500  00000-0  20072-3 0  9994
2 34075 086.4822 116.4070 0063371 079.9110 280.9194 14.25088525  1506
IRIDIUM 33 DEB 
1 34076U 97051CK  09054.66355467  .00000874  00000-0  25559-3 0  9990
2 34076 086.3403 115.5662 0039102 193.4897 166.5240 14.42490406  1153
IRIDIUM 33 DEB 
1 34077U 97051CL  09054.65021450  .00000570  00000-0  21893-3 0  9992
2 34077 086.3978 115.9715 0027841 037.9739 322.3400 14.28509844   990
IRIDIUM 33 DEB 
1 34078U 97051CM  09054.67640539  .00001085  00000-0  57022-3 0  9995
2 34078 086.3931 116.0630 0109309 029.5904 331.1320 14.10204668   962
IRIDIUM 33 DEB 
1 34079U 97051CN  09054.65144456  .00000388  00000-0  12660-3 0  9995
2 34079 086.3967 115.8956 0008949 244.9256 115.0994 14.36103229  1800
IRIDIUM 33 DEB 
1 34080U 97051CP  09054.67820733  .00006243  00000-0  19034-2 0  9995
2 34080 086.3625 115.5717 0047941 237.0059 122.6418 14.41184627  1817
IRIDIUM 33 DEB 
1 34081U 97051CQ  09054.68461714  .00001269  00000-0  38318-3 0  9997
2 34081 086.3250 115.5038 0074249 278.4922 080.7864 14.40155958  1810
IRIDIUM 33 DEB 
1 34082U 97051CR  09054.65786825 -.00002115  00000-0 -11722-2 0  9990
2 34082 086.4257 116.3547 0254600 080.5738 282.4108 13.96717463  1751
IRIDIUM 33 DEB 
1 34083U 97051CS  09054.68815796  .00009246  00000-0  15715-2 0  9990
2 34083 086.5505 116.3618 0136547 201.8836 157.6405 14.63007000  1773
IRIDIUM 33 DEB 
1 34084U 97051CT  09054.66428319  .00004516  00000-0  53577-3 0  9994
2 34084 086.2763 114.9705 0179267 208.5739 150.5545 14.73355073  1785
IRIDIUM 33 DEB 
1 34085U 97051CU  09054.61841649  .00049434  00000-0  94847-2 0  9997
2 34085 086.2097 114.7787 0156731 255.4430 102.9328 14.55875625  1751
IRIDIUM 33 DEB 
1 34086U 97051CV  09054.69034185  .00000540  00000-0  22404-3 0  9991
2 34086 086.3922 115.9629 0048028 032.4322 327.9792 14.24094751  1720
IRIDIUM 33 DEB 
1 34087U 97051CW  09054.65740993  .00004761  00000-0  21782-2 0  9995
2 34087 086.2980 115.5539 0067805 045.0165 315.6484 14.20038262  1643
IRIDIUM 33 DEB 
1 34088U 97051CX  09054.69029110  .00000462  00000-0  16533-3 0  9994
2 34088 086.4063 115.9595 0015736 077.8852 282.4106 14.31806359  1662
IRIDIUM 33 DEB 
1 34089U 97051CY  09054.66455053  .00031070  00000-0  14278-1 0  9992
2 34089 086.2987 115.5734 0071690 034.5936 325.9897 14.19651547  1642
IRIDIUM 33 DEB 
1 34090U 97051CZ  09054.67872726  .00000520  00000-0  15551-3 0  9998
2 34090 086.4326 116.0072 0030003 214.0084 145.9182 14.40799208  167
IRIDIUM 33 DEB 
1 34091U 97051DA  09054.69534587 -.00000208  00000-0 -11122-3 0  9996
2 34091 086.3746 115.9456 0091362 050.6771 310.2471 14.15829295  1646
IRIDIUM 33 DEB 
1 34092U 97051DB  09054.66194309  .00085978  00000-0  19309-1 0  9996
2 34092 086.3431 115.2439 0122239 212.6474 146.7100 14.51503209  1689
IRIDIUM 33 DEB 
1 34093U 97051DC  09054.63542117  .00001080  00000-0  29508-3 0  9994
2 34093 086.3126 115.4158 0051771 215.4537 144.3222 14.45632401  1672
IRIDIUM 33 DEB 
1 34094U 97051DD  09054.67162692  .00006222  00000-0  18823-2 0  9995
2 34094 086.4273 115.9894 0044030 173.9535 186.2177 14.41661595  1671
IRIDIUM 33 DEB 
1 34095U 97051DE  09054.69354792  .00001286  00000-0  54573-3 0  9990
2 34095 086.3891 115.9496 0056420 062.1603 298.5273 14.23751437  1653
IRIDIUM 33 DEB 
1 34096U 97051DF  09054.65379768  .00050488  00000-0  90579-2 0  9990
2 34096 086.3540 115.3936 0146591 175.5768 184.6616 14.59690758  1684
IRIDIUM 33 DEB 
1 34097U 97051DG  09054.17151305  .00000685  00000-0  34965-3 0  9995
2 34097 086.2048 115.4168 0110138 042.4058 318.5616 14.11118763  1707
IRIDIUM 33 DEB 
1 34098U 97051DH  09054.65195106  .00000472  00000-0  15436-3 0  9992
2 34098 086.1523 114.7383 0036486 133.0252 227.3995 14.36044198  1739
IRIDIUM 33 DEB 
1 34099U 97051DJ  09054.70999395  .00001165  00000-0  44622-3 0  9990
2 34099 086.3767 115.8368 0022480 044.3251 315.9739 14.29645506  1629
IRIDIUM 33 DEB 
1 34100U 97051DK  09054.61450632 -.00001269  00000-0 -54634-3 0  9990
2 34100 086.2344 115.2520 0055083 067.9101 292.8006 14.24681275  1578
IRIDIUM 33 DEB 
1 34101U 97051DL  09054.88362392  .00000534  00000-0  29455-3 0  9990
2 34101 086.4117 116.1511 0160956 057.0113 304.6406 14.03200746  1515
IRIDIUM 33 DEB 
1 34102U 97051DM  09054.62181893  .00000616  00000-0  36025-3 0  9990
2 34102 086.3990 116.2164 0158556 037.7700 323.4524 14.00657192  1472
IRIDIUM 33 DEB 
1 34103U 97051DN  09054.65530687  .00000151  00000-0  52755-4 0  9996
2 34103 086.3594 115.7877 0031055 047.2900 313.0876 14.27941955  1657
IRIDIUM 33 DEB 
1 34104U 97051DP  09054.64278949  .00000816  00000-0  26773-3 0  9994
2 34104 086.3526 115.6773 0020704 156.5338 203.6809 14.37068149  1594
IRIDIUM 33 DEB 
1 34105U 97051DQ  09054.70542553  .00001082  00000-0  41030-3 0  9996
2 34105 086.3703 115.7818 0021317 000.3716 359.7492 14.30142542  1471
IRIDIUM 33 DEB 
1 34106U 97051DR  09054.65682196  .00000618  00000-0  20782-3 0  9994
2 34106 086.3688 115.7747 0016047 261.7790 098.1543 14.35510203  1529
IRIDIUM 33 DEB 
1 34107U 97051DS  09054.58963802  .00000963  00000-0  32977-3 0  9995
2 34107 086.3895 115.7990 0015482 303.4638 056.5017 14.35233682  1513
IRIDIUM 33 DEB 
1 34108U 97051DT  09054.65178191 -.00001077  00000-0 -62830-3 0  9993
2 34108 086.3742 116.0717 0132005 041.2831 319.8121 14.05178131  1480
IRIDIUM 33 DEB 
1 34109U 97051DU  09054.63231616  .00002014  00000-0  76570-3 0  9990
2 34109 086.3456 115.6917 0012695 055.5637 304.6641 14.30501208  1307
IRIDIUM 33 DEB 
1 34110U 97051DV  09054.66898528 -.00006502  00000-0 -23340-2 0  9990
2 34110 086.4051 115.9164 0017833 265.8389 094.0460 14.34061122  1441











































