SCD 1                   
1 22490U 93009B   17226.64517434  .00000232  00000-0  13597-4 0  9996
2 22490  24.9704 303.8238 0042789 231.8577 280.3229 14.44492785293788
TECHSAT 1B (GO-32)      
1 25397U 98043D   17227.09210066 -.00000014  00000-0  12619-4 0  9992
2 25397  98.6124 168.1964 0001536 141.3151 218.8138 14.23626321992173
SCD 2                   
1 25504U 98060A   17227.16960571  .00000218  00000-0  10435-4 0  9991
2 25504  24.9953 144.1062 0017008 270.8739 236.7328 14.44013275993474
LANDSAT 7               
1 25682U 99020A   17227.79963402 -.00001108  00000-0 -23598-3 0  9994
2 25682  98.2050 298.1181 0001094  82.4862 277.6456 14.57108387975274
DLR-TUBSAT              
1 25757U 99029B   17227.23841272  .00000083  00000-0  32158-4 0  9997
2 25757  98.4085 139.1822 0015716 116.8147 243.4654 14.51364168965036
QUIKSCAT                
1 25789U 99034A   17227.49082967 -.00000016  00000-0  11454-4 0  9997
2 25789  98.6065  55.1707 0000883 139.2707 220.8540 14.27282195945651
TERRA                   
1 25994U 99068A   17227.81027397  .00000105  00000-0  33335-4 0  9994
2 25994  98.2043 301.9954 0000732  89.0164 271.1122 14.57107462939350
MAROC-TUBSAT            
1 27004U 01056D   17227.81843562 -.00000023  00000-0  23295-4 0  9992
2 27004  99.3660   6.0296 0019871 179.1899 308.5545 13.70123766784219
AQUA                    
1 27424U 02022A   17227.84396882  .00000077  00000-0  27035-4 0  9997
2 27424  98.2067 168.2529 0000698 358.1263  79.5697 14.57114135812968
IRS-P6 (RESOURCESAT-1)  
1 28051U 03046A   17227.88114236  .00000022  00000-0  23427-4 0  9997
2 28051  98.5850 302.8546 0055637 218.8136 140.9019 14.34126186717810
SHIYAN 1 (SY-1)         
1 28220U 04012A   17227.50596123  .00000449  00000-0  41671-4 0  9991
2 28220  97.7044 182.8926 0008368 321.1314  38.9307 14.99257180725317
FORMOSAT-2 (ROCSAT 2)   
1 28254U 04018A   17227.75569066  .00000325  00000-0  24731-3 0  9997
2 28254  98.8636 285.5964 0000819   0.1996 107.3930 14.00664998676936
AURA                    
1 28376U 04026A   17227.14802930  .00000098  00000-0  31858-4 0  9990
2 28376  98.2062 169.7333 0000889  75.0184 285.1113 14.57116858695903
IRS-P5 (CARTOSAT-1)     
1 28649U 05017A   17227.71547073  .00000076  00000-0  15697-4 0  9990
2 28649  97.8572 301.1756 0001691 160.7207 199.4090 14.83455037664808
SINAH 1                 
1 28893U 05043D   17227.44750058  .00000003  00000-0  95230-5 0  9991
2 28893  97.8819  22.7431 0014455 330.8424  29.1969 14.61440433629100
EROS B                  
1 29079U 06014A   17227.69089002  .00001346  00000-0  62903-4 0  9999
2 29079  97.3598 347.4191 0003498   8.4119 102.3707 15.21475665627430
RESURS-DK 1             
1 29228U 06021A   17227.83818695  .00000055  00000-0  11630-4 0  9994
2 29228  69.9362 306.3122 0007668 258.5309 101.4991 15.02182756617057
ARIRANG-2 (KOMPSAT-2)   
1 29268U 06031A   17227.84856871  .00000065  00000-0  22157-4 0  9995
2 29268  98.0931 125.8839 0017719 172.8831 187.2627 14.62276208589711
LAPAN-TUBSAT            
1 29709U 07001A   17227.87675862  .00000003  00000-0  67661-5 0  9997
2 29709  97.7093 200.4862 0011452 257.2978 102.6969 14.82067628572820
CARTOSAT-2 (IRS-P7)     
1 29710U 07001B   17227.73647754  .00000059  00000-0  14969-4 0  9996
2 29710  97.9199 287.8677 0001329  42.6438 317.4884 14.78692422571993
HAIYANG-1B              
1 31113U 07010A   17227.88790811  .00000001  00000-0  17159-4 0  9996
2 31113  98.5535 281.9521 0014690  33.0476 327.1614 14.30178304540001
COSMO-SKYMED 1          
1 31598U 07023A   17227.71776218 -.00000265  00000-0 -26727-4 0  9999
2 31598  97.8888  50.5597 0001519  85.9874 274.1507 14.82156841551269
TERRASAR-X              
1 31698U 07026A   17224.30417196  .00000589  00000-0  31254-4 0  9990
2 31698  97.4454 231.1721 0001871  76.2386  18.0080 15.19149069563396
WORLDVIEW-1 (WV-1)      
1 32060U 07041A   17227.81136083  .00000495  00000-0  22894-4 0  9999
2 32060  97.3937 347.0225 0000617  20.4577 130.9776 15.24647270551331
YAOGAN 3                
1 32289U 07055A   17227.77105742  .00000088  00000-0  18260-4 0  9990
2 32289  98.0010 229.5815 0001778  94.9685 265.1732 14.80827785527550
COSMO-SKYMED 2          
1 32376U 07059A   17227.75151801  .00000341  00000-0  49449-4 0  9991
2 32376  97.8887  50.5920 0001392  82.7783 277.3587 14.82158849524012
RADARSAT-2              
1 32382U 07061A   17227.72593380  .00000214  00000-0  10000-3 0  9999
2 32382  98.5759 234.4610 0001188  92.1351  21.5069 14.29984563504803
CARTOSAT-2A             
1 32783U 08021A   17227.71440586 -.00000188  00000-0 -18571-4 0  9993
2 32783  97.9212 287.9342 0014539 122.5458 237.7153 14.78673557501938
JASON-2 (OSTM)          
1 33105U 08032A   17227.17488427 -.00000046  00000-0  62982-4 0  9997
2 33105  66.0435 358.0790 0007997 266.0887  83.1253 12.87627373428179
RAPIDEYE 2              
1 33312U 08040A   17227.84276634  .00000010  00000-0  80999-5 0  9994
2 33312  97.8162 307.2183 0013227 151.0406 209.1538 14.79850498484192
RAPIDEYE 5              
1 33313U 08040B   17227.79841059  .00000045  00000-0  12820-4 0  9993
2 33313  97.8271 305.2337 0017532  36.9729 323.2689 14.79848266484134
RAPIDEYE 1              
1 33314U 08040C   17227.78676701  .00000038  00000-0  11889-4 0  9999
2 33314  97.8181 306.8029 0024266 167.2937 192.8902 14.79846288484175
RAPIDEYE 3              
1 33315U 08040D   17227.82292022  .00001014  00000-0  14110-3 0  9999
2 33315  97.8307 304.9514 0013549 106.2408 254.0283 14.79853383484146
RAPIDEYE 4              
1 33316U 08040E   17227.74216073  .00000040  00000-0  12029-4 0  9999
2 33316  97.8343 304.4701 0012600  57.1113 303.1310 14.79849311484125
HUANJING 1A (HJ-1A)     
1 33320U 08041A   17227.73603584  .00000064  00000-0  16458-4 0  9997
2 33320  97.9311 291.4770 0025668 190.5713 169.4958 14.76808365481571
HUANJING 1B (HJ-1B)     
1 33321U 08041B   17227.87454410  .00000056  00000-0  15354-4 0  9990
2 33321  97.9360 292.8671 0033810 207.1854 152.7570 14.76885754481583
GEOEYE 1                
1 33331U 08042A   17227.78442147 -.00000056  00000-0 -16620-5 0  9996
2 33331  98.1043 302.0710 0010730  79.0619 281.1787 14.64160936477828
THEOS                   
1 33396U 08049A   17227.77591429  .00000169  00000-0  10000-3 0  9998
2 33396  98.7695 293.9150 0000913 100.2882   8.1973 14.20117749459937
COSMO-SKYMED 3          
1 33412U 08054A   17227.73888532  .00000060  00000-0  14083-4 0  9999
2 33412  97.8884  50.5805 0001360  80.6747 279.4626 14.82154420476479
YAOGAN 4                
1 33446U 08061A   17227.87733496  .00000077  00000-0  17727-4 0  9993
2 33446  97.5968 221.3939 0017413 105.7428 254.5705 14.76677935468830
GOSAT (IBUKI)           
1 33492U 09002A   17227.75406839 -.00000123  00000-0 -13227-4 0  9990
2 33492  98.1283 338.9079 0001716  85.3195 274.8213 14.67517820458565
YAOGAN 6                
1 34839U 09021A   17227.88604214  .00000569  00000-0  24744-4 0  9996
2 34839  97.1387 275.7850 0030544 108.2759 252.1808 15.25725775461694
DEIMOS-1                
1 35681U 09041A   17227.89802018 -.00000000  00000-0  77544-5 0  9995
2 35681  97.9433 118.8036 0002501 106.0192 254.1288 14.71671392431924
DUBAISAT-1              
1 35682U 09041B   17227.70262895  .00000062  00000-0  18660-4 0  9999
2 35682  97.7904  85.4551 0010992 330.3876  29.6700 14.68597100430946
OCEANSAT-2              
1 35931U 09051A   17226.85680586  .00000060  00000-0  26507-4 0  9990
2 35931  98.3103 320.7146 0002859  37.9908 322.1487 14.50846060417968
WORLDVIEW-2 (WV-2)      
1 35946U 09055A   17227.79698139 -.00000024  00000-0  64592-5 0  9995
2 35946  98.5004 303.4555 0001439 165.1504 194.9712 14.37643674412071
SMOS                    
1 36036U 09059A   17227.57493239  .00000053  00000-0  30906-4 0  9992
2 36036  98.4456  54.4206 0001243  91.3519 268.7811 14.39758374409158
YAOGAN 7                
1 36110U 09069A   17227.74938470 -.00000195  00000-0 -20724-4 0  9992
2 36110  98.2209  27.4963 0023086 284.9331  74.9332 14.75045382413660
TANDEM-X                
1 36605U 10030A   17227.51449275  .00000237  00000-0  14488-4 0  9991
2 36605  97.4461 234.3385 0001420  90.6421 269.4976 15.19149283396622
CARTOSAT-2B             
1 36795U 10035A   17227.75143407  .00000062  00000-0  15556-4 0  9993
2 36795  97.9190 287.7927 0014209 191.8699 168.2181 14.78681451382980
YAOGAN 10               
1 36834U 10038A   17227.86120066 -.00000001  00000-0  66758-5 0  9993
2 36834  97.9355 223.6666 0001805  86.0693 274.0723 14.80837642379312
COSMO-SKYMED 4          
1 37216U 10060A   17227.83592208 -.00000009  00000-0  54503-5 0  9994
2 37216  97.8879  50.6750 0001523  73.8862 286.2522 14.82157703366579
HAIYANG 2A              
1 37781U 11043A   17227.87823562  .00000370  00000-0  40749-3 0  9992
2 37781  99.3300 238.0483 0000801 123.1094 237.0098 13.78713695302205
RASAT                   
1 37791U 11044D   17227.84040085  .00000015  00000-0  11911-4 0  9998
2 37791  98.1361 319.0770 0020771 295.5528  64.3525 14.64613350320505
MEGHA-TROPIQUES         
1 37838U 11058A   17226.93909828  .00000284  00000-0  11287-4 0  9997
2 37838  19.9771 151.9887 0009367 346.8301  13.1859 14.09683271234168
SRMSAT                  
1 37841U 11058D   17227.83872983  .00000290  00000-0  14223-4 0  9992
2 37841  19.9717 131.6931 0011806  17.0934  36.5460 14.10580206301716
YAOGAN 13               
1 37941U 11072A   17227.77572882  .00000711  00000-0  38435-4 0  9996
2 37941  97.4851 155.0994 0002900  94.9476 345.0661 15.17839560316700
PLEIADES 1A             
1 38012U 11076F   17227.82092760 -.00000003  00000-0  90961-5 0  9996
2 38012  98.1951 302.1914 0001541  85.2694 274.8673 14.58550361301553
ZIYUAN 1-02C (ZY 1-02C) 
1 38038U 11079A   17227.73159950  .00000028  00000-0  24485-4 0  9995
2 38038  98.3385 289.6990 0001050  56.0657 304.0625 14.35446202296040
ZIYUAN 3 (ZY 3)         
1 38046U 12001A   17227.78319291  .00000845  00000-0  41071-4 0  9998
2 38046  97.5314 294.8723 0002293 147.1681 328.5944 15.21190754311017
RISAT-1                 
1 38248U 12017A   17227.76996131  .00000753  00000-0  51418-4 0  9995
2 38248  97.5736 234.6796 0004000 176.6637 288.9642 15.09156963292222
ARIRANG-3 (KOMPSAT-3)   
1 38338U 12025B   17227.76429540  .00000044  00000-0  18323-4 0  9990
2 38338  98.1412 164.9976 0010575 137.3065 222.8971 14.61582125279887
KANOPUS-V 1             
1 38707U 12039A   17227.78785443  .00000135  00000-0  93535-5 0  9994
2 38707  97.4496 145.1115 0001320  75.7102   0.2676 15.20234094281116
EXACTVIEW-1 (ADS-1B)    
1 38709U 12039C   17227.78431304 -.00000021  00000-0  11680-4 0  9995
2 38709  99.1032 206.3687 0012081  81.2051 279.0499 14.23948571263313
SPOT 6                  
1 38755U 12047A   17227.76812719  .00000836  00000-0  18975-3 0  9992
2 38755  98.2149 294.4680 0001226  69.8862 290.2453 14.58550595262626
PLEIADES 1B             
1 39019U 12068A   17227.78664618  .00000002  00000-0  10191-4 0  9992
2 39019  98.1984 302.2048 0001418  82.0838 278.0520 14.58548117250404
GOKTURK 2               
1 39030U 12073A   17227.77685986  .00000017  00000-0  10391-4 0  9999
2 39030  97.9871 119.6302 0000316 134.3171 225.8064 14.72656652249321
LANDSAT 8               
1 39084U 13008A   17227.21416605  .00000030  00000-0  16820-4 0  9994
2 39084  98.2195 296.9037 0001381  90.1259 270.0098 14.57106811239650
SARAL                   
1 39086U 13009A   17227.14428232 -.00000012  00000-0  11790-4 0  9990
2 39086  98.5412  53.8169 0002246  81.8110 278.3329 14.32007778233542
GAOFEN 1                
1 39150U 13018A   17227.75099513  .00000052  00000-0  14814-4 0  9998
2 39150  97.9502 310.5601 0017888 220.8294 139.1578 14.76512631232037
VNREDSAT 1              
1 39160U 13021B   17227.83177710  .00000030  00000-0  14927-4 0  9999
2 39160  98.0791 302.3861 0001710  82.8350 277.3038 14.62965773228320
ARIRANG-5 (KOMPSAT-5)   
1 39227U 13042A   17227.73548780  .00000117  00000-0  12653-4 0  9994
2 39227  97.6109  51.8053 0000872  84.9056  43.8605 15.04515821218647
YAOGAN 18               
1 39363U 13059A   17227.79098870  .00000656  00000-0  35252-4 0  9997
2 39363  97.3867 294.8970 0002297  64.1956  52.3784 15.18257321210362
SKYSAT-1                
1 39418U 13066C   17227.77647758  .00000347  00000-0  33863-4 0  9992
2 39418  97.6953 310.1677 0022987  86.1817 274.2034 14.98493429204001
DUBAISAT-2              
1 39419U 13066D   17227.74812960  .00000055  00000-0  10492-4 0  9998
2 39419  97.6746 299.0921 0015538  71.6168 288.6749 14.93661633203393
GPM-CORE                
1 39574U 14009C   17226.94732346  .00002660  00000-0  42255-4 0  9994
2 39574  65.0086  80.0204 0011236 283.6177  76.3717 15.55976102196655
SENTINEL-1A             
1 39634U 14016A   17227.84733560 -.00000079  00000-0 -70811-5 0  9992
2 39634  98.1821 234.6427 0001364  79.1278 281.0074 14.59197373179392
KAZEOSAT 1              
1 39731U 14024A   17227.74606006  .00000004  00000-0  14459-4 0  9993
2 39731  98.4166 306.0328 0001319  94.6406 265.4936 14.42015253173478
ALOS-2                  
1 39766U 14029A   17227.76714406 -.00000000  00000-0  68526-5 0  9994
2 39766  97.9224 324.2371 0001584  87.0329 273.1069 14.79470756174410
KAZEOSAT 2              
1 40010U 14033A   17227.87574785  .00000038  00000-0  11406-4 0  9993
2 40010  97.8883 128.7402 0018043  81.8681 278.4572 14.82051578170781
HODOYOSHI-4             
1 40011U 14033B   17227.75073976  .00000090  00000-0  18394-4 0  9998
2 40011  97.8795 124.9793 0028251  77.4420 282.9960 14.80891826170573
DEIMOS-2                
1 40013U 14033D   17227.88289011 -.00000290  00000-0 -27870-4 0  9996
2 40013  97.8788 131.2751 0002219  98.3761 261.7706 14.84845487171062
HODOYOSHI-3             
1 40015U 14033F   17227.13507574  .00000012  00000-0  87636-5 0  9990
2 40015  97.8671 118.9920 0038604  85.8307 274.7315 14.78262458170196
SPOT 7                  
1 40053U 14034A   17227.80145407 -.00000046  00000-0  00000+0 0  9992
2 40053  98.2285 294.1568 0001066  80.7438 279.3881 14.58533194166561
SKYSAT-2                
1 40072U 14037D   17227.78957640  .00000029  00000-0  11193-4 0  9993
2 40072  98.3410 341.2879 0005687 212.5600 147.5258 14.81000373167807
WORLDVIEW-3 (WV-3)      
1 40115U 14048A   17227.82857419  .00000054  00000-0  12572-4 0  9991
2 40115  97.8667 307.3039 0001612  80.8154 279.3220 14.84856940162954
YAOGAN 21               
1 40143U 14053A   17227.78626668  .00000793  00000-0  34757-4 0  9992
2 40143  97.3073 299.4301 0009574 354.7691 119.9761 15.24804642163483
YAOGAN 22               
1 40275U 14063A   17227.69410114 -.00000044  00000-0  00000+0 0  9995
2 40275 100.4173 340.0014 0005189 296.3874  63.6706 13.15321264135465
ASNARO                  
1 40298U 14070A   17227.87787816  .00001000  00000-0  50151-4 0  9993
2 40298  97.4058 308.7307 0001575  76.0025  36.0750 15.19593934153924
HODOYOSHI-1             
1 40299U 14070B   17227.81923116  .00000606  00000-0  29294-4 0  9998
2 40299  97.4009 309.6518 0011618 240.4340 260.5095 15.22336936154019
CHUBUSAT-1              
1 40300U 14070C   17227.77518293  .00000519  00000-0  26486-4 0  9995
2 40300  97.3933 306.5764 0018965 251.6271 261.3951 15.20943323153847
QSAT-EOS                
1 40301U 14070D   17227.78275854  .00001309  00000-0  57605-4 0  9995
2 40301  97.3869 306.8007 0025953 246.8302 226.3504 15.23373007153906
TSUBAME                 
1 40302U 14070E   17227.74501163  .00000678  00000-0  37716-4 0  9996
2 40302  97.3728 298.1707 0037981 275.6995 238.5026 15.16454973153372
YAOGAN 23               
1 40305U 14071A   17227.74702311  .00000750  00000-0  40256-4 0  9992
2 40305  97.4290 164.6437 0003400  84.4638   2.7590 15.17907106152464
YAOGAN 24               
1 40310U 14072A   17227.75821616 -.00000001  00000-0  72007-5 0  9990
2 40310  98.0098 347.5561 0015783 235.7490 124.2230 14.77129096147517
CBERS 4                 
1 40336U 14079A   17227.87597129 -.00000016  00000-0  94013-5 0  9994
2 40336  98.4502 301.3581 0000895 100.0265 260.1008 14.35466686140970
RESURS P2               
1 40360U 14087A   17227.88407021  .00000606  00000-0  22125-4 0  9990
2 40360  97.2771 320.5303 0008729 301.7142 196.0820 15.31893383147527
YAOGAN 26               
1 40362U 14088A   17227.76320066  .00001008  00000-0  41262-4 0  9993
2 40362  97.3522 305.7440 0009889  75.1917  77.9427 15.26579399146847
SMAP                    
1 40376U 15003A   17227.60226881  .00000008  00000-0  10567-4 0  9992
2 40376  98.1225 234.4344 0001737  40.2181 319.9138 14.63369408135587
KOMPSAT-3A              
1 40536U 15014A   17227.77019934  .00000551  00000-0  35550-4 0  9991
2 40536  97.4838 166.3426 0011270 124.9781 292.0780 15.12257736132058
SENTINEL-2A             
1 40697U 15028A   17227.82990513 -.00000007  00000-0  14082-4 0  9995
2 40697  98.5642 301.9316 0001197  84.8978 275.2335 14.30818493112223
CARBONITE 1 (CBNT-1)    
1 40718U 15032D   17227.86594244  .00000025  00000-0  11446-4 0  9999
2 40718  97.9617 118.9201 0016094 310.8734  49.1075 14.74537238113048
YAOGAN 27               
1 40878U 15040A   17227.67927906 -.00000044  00000-0  00000+0 0  9990
2 40878 100.3910 287.3720 0009176  77.8999 282.3147 13.15955525 94645
LAPAN-A2                
1 40931U 15052B   17227.48293491  .00000637  00000-0 -41285-6 0  9992
2 40931   5.9992 169.9516 0013661   2.4634 357.5546 14.76535607101748
YAOGAN 28               
1 41026U 15064A   17227.83792285  .00001119  00000-0  40719-4 0  9999
2 41026  97.3236 354.8212 0011221 108.0656  43.0440 15.30259511 98872
YAOGAN 29               
1 41038U 15069A   17227.80950987 -.00000001  00000-0  66381-5 0  9993
2 41038  97.9033 209.1410 0001829  63.9681 296.1716 14.80399868 92907
KENT RIDGE 1            
1 41167U 15077B   17227.85077272  .00000853  00000-0  12233-4 0  9997
2 41167  14.9785 106.7995 0011851  96.5809 343.0916 15.08724752 91967
TELEOS 1                
1 41169U 15077D   17227.76548801  .00001256  00000-0  36186-4 0  9991
2 41169  14.9810 104.8910 0010990  97.1818 326.9859 15.09437836 91976
JASON-3                 
1 41240U 16002A   17227.19198348 -.00000045  00000-0  70218-4 0  9994
2 41240  66.0435 359.5914 0007993 267.4257  92.5843 12.80930803 73706
SENTINEL-3A             
1 41335U 16011A   17227.83959625 -.00000018  00000-0  10588-4 0  9997
2 41335  98.6204 294.4211 0001024  92.3102 267.8196 14.26739360 77862
SENTINEL-1B             
1 41456U 16025A   17227.74398988 -.00000011  00000-0  73864-5 0  9995
2 41456  98.1818 234.3658 0001374  84.4934 275.6419 14.59198300 69543
ZIYUAN 3-2 (ZY 3-2)     
1 41556U 16033A   17227.77563926  .00000500  00000-0  25526-4 0  9997
2 41556  97.4589 304.0293 0002248  86.3881  27.7860 15.21206468 67307
NUSAT-1 (FRESCO)        
1 41557U 16033B   17227.18262490  .00001283  00000-0  50810-4 0  9998
2 41557  97.4609 306.6982 0014984 153.6220 206.5785 15.27200256 67431
NUSAT-2 (BATATA)        
1 41558U 16033C   17227.81130854  .00001303  00000-0  51836-4 0  9999
2 41558  97.4635 307.3882 0014530 150.1280 210.0791 15.27020382 67520
CARTOSAT-2C             
1 41599U 16040A   17227.75603667  .00000485  00000-0  26239-4 0  9991
2 41599  97.4534 288.7620 0012808 223.4094 284.4542 15.19227298 63697
SKYSAT-C1               
1 41601U 16040C   17227.55178323  .00000543  00000-0  26860-4 0  9994
2 41601  97.6087 293.6150 0002410  79.0147 281.1360 15.22111410 63774
LAPAN-A3                
1 41603U 16040E   17227.72345713  .00000131  00000-0  94404-5 0  9997
2 41603  97.4558 288.9816 0012197 222.6840 290.0387 15.19379587 63698
BIROS                   
1 41604U 16040F   17227.80215221  .00000465  00000-0  24151-4 0  9998
2 41604  97.4571 289.5923 0011741 213.0921 146.9581 15.20902556 63749
3CAT-2                  
1 41732U 16051B   17227.82248360  .00001032  00000-0  44090-4 0  9999
2 41732  97.3731 143.9232 0015691  66.0340 331.8737 15.25017517 55628
SKYSAT-C4               
1 41771U 16058B   17226.81948112  .00000468  00000-0  23298-4 0  9998
2 41771  97.3908 298.7906 0000507  78.5235 281.6055 15.22301731 50604
SKYSAT-C5               
1 41772U 16058C   17227.29244611  .00000504  00000-0  24887-4 0  9991
2 41772  97.3900 299.0440 0000270 342.9610  17.1621 15.22257136 50662
SKYSAT-C2               
1 41773U 16058D   17227.77945129  .00000519  00000-0  25530-4 0  9999
2 41773  97.3912 299.7973 0002196  83.3391 276.8079 15.22312301 50741
SKYSAT-C3               
1 41774U 16058E   17227.20117895  .00000467  00000-0  23258-4 0  9996
2 41774  97.3910 299.1994 0001283  84.7062 275.4320 15.22292659 50650
PATHFINDER 1            
1 41787U 16059E   17227.79263975  .00000040  00000-0  17147-4 0  9993
2 41787  98.1609 288.8775 0030112 334.7964  25.1746 14.63530015 47307
WORLDVIEW-4 (WV-4)      
1 41848U 16067A   17227.77802060  .00000067  00000-0  14237-4 0  9998
2 41848  97.9435 301.5982 0001386 161.0383 199.0883 14.84760405 41105
GOKTURK 1A              
1 41875U 16073A   17227.81356092 -.00001120  00000-0 -21055-3 0  9997
2 41875  98.1471 121.9550 0001500  88.3447 271.7961 14.62758502 37014
RESOURCESAT-2A          
1 41877U 16074A   17227.81222589  .00000004  00000-0  21678-4 0  9993
2 41877  98.7044 302.5600 0001558 104.5273 255.6076 14.21632641 35759
CARTOSAT-2D             
1 41948U 17008A   17227.75939731  .00000463  00000-0  25228-4 0  9991
2 41948  97.4889 287.9910 0007211  23.2319 336.9240 15.19213724 27562
ZHUHAI-1 02 (CAS 4B)    
1 42759U 17034B   17227.76390887  .00000084  00000-0  18873-4 0  9992
2 42759  43.0196 319.5993 0008512 351.7448 150.1979 15.08942063  9301
NUSAT-3 (MILANESAT)     
1 42760U 17034C   17227.77386322  .00000278  00000-0  31124-4 0  9993
2 42760  43.0185 319.6639 0007193 355.9453 148.1699 15.08716518  9316
ZHUHAI-1 01 (CAS 4A)    
1 42761U 17034D   17227.76078288  .00000130  00000-0  21744-4 0  9996
2 42761  43.0198 319.5773 0008792 353.4788 147.8091 15.09016231  9294
CARTOSAT-2E             
1 42767U 17036C   17227.37780961  .00000482  00000-0  26082-4 0  9999
2 42767  97.4447 286.3528 0010304  61.9864 298.2411 15.19271088  8073
