ASTRA 1D                
1 23331U 94070A   17227.46183741 -.00000282  00000-0  00000+0 0  9997
2 23331   7.6486  48.8467 0003598  99.4143 269.5400  1.00273321 83801
ASTRA 1F                
1 23842U 96021A   17227.13730400  .00000124  00000-0  00000+0 0  9990
2 23842   0.0648 300.1506 0003852 221.0202 256.2646  1.00272020 77965
AMC-1 (GE-1)            
1 24315U 96054A   17226.69714489  .00000044  00000-0  00000+0 0  9992
2 24315   1.6863  84.8343 0002890  82.7608 277.5197  1.00271227 76655
AMC-2 (GE-2)            
1 24713U 97002A   17227.52754236 -.00000227  00000-0  00000+0 0  9999
2 24713   4.4417  65.6319 0004800  79.6801 283.8437  1.00269529 25963
AMC-3 (GE-3)            
1 24936U 97050A   17227.06629824 -.00000274  00000-0  00000+0 0  9994
2 24936   0.5002  92.3184 0002680  59.4494 123.7591  1.00272014 73073
NSS-5                   
1 24957U 97053A   17226.91160348  .00000092  00000-0  00000-0 0  9992
2 24957   3.9477  69.0129 0003215  74.3648 198.8214  1.00274302 72808
ASTRA 1G                
1 25071U 97076A   17227.81577123  .00000089  00000-0  00000+0 0  9993
2 25071   2.4403  78.2101 0002812  77.2970 153.6448  1.00272607 72177
NSS-806                 
1 25239U 98014A   17227.15950500 -.00000294  00000-0  00000+0 0  9992
2 25239   0.1071 302.6771 0004356 204.5275 186.4671  1.00269592 71286
ASTRA 2A                
1 25462U 98050A   17227.70118730 -.00000375  00000-0  00000+0 0  9992
2 25462   0.0868 258.2839 0002117 248.9237 182.9945  1.00269691 69373
ASTRA 1H                
1 25785U 99033A   17227.05188281  .00000122  00000-0  00000+0 0  9997
2 25785   3.9333  69.1679 0002802  66.8830 249.7684  1.00269780 66411
AMC-4 (GE-4)            
1 25954U 99060A   17226.47733103  .00000074  00000-0  00000+0 0  9995
2 25954   0.0179 106.7013 0002965  42.9427 210.3731  1.00270813 65114
ASTRA 2B                
1 26494U 00054A   17227.83508684 -.00000171  00000-0  00000+0 0  9994
2 26494   2.3297  78.8568 0004749  53.8666 112.7346  1.00271789 61871
AMC-7 (GE-7)            
1 26495U 00054B   17226.47756366  .00000075  00000-0  00000+0 0  9998
2 26495   0.0132  29.1706 0001259 179.0590 151.7620  1.00272782 61881
NSS-11 (AAP-1)          
1 26554U 00059A   17227.70118730 -.00000361  00000-0  00000+0 0  9992
2 26554   0.0586 282.4583 0002486 229.8242 172.5776  1.00274150 61815
AMC-6 (GE-6)            
1 26580U 00067A   17227.73795903 -.00000232  00000-0  00000+0 0  9993
2 26580   0.0416 282.9235 0002580 242.5520 341.5167  1.00271720 61622
ASTRA 2D                
1 26638U 00081A   17227.12941715  .00000032  00000-0  00000+0 0  9997
2 26638   3.7606  69.7837 0001865  69.6069 290.6052  1.00273194 61025
AMC-8 (GE-8)            
1 26639U 00081B   17226.76226664  .00000090  00000-0  00000-0 0  9991
2 26639   0.0503 284.3995 0002427 209.0840 325.2832  1.00272777 60974
ASTRA 2C                
1 26853U 01025A   17227.81090899  .00000029  00000-0  00000+0 0  9995
2 26853   0.5214  91.6876 0003462  54.2319 170.6845  1.00272043 59211
ASTRA 3A                
1 27400U 02015B   17226.42404867 -.00000294  00000-0  00000-0 0  9990
2 27400   3.9205  68.5066 0002405  90.2987 269.9263  1.00271415 56358
NSS-7                   
1 27414U 02019A   17227.38625371 -.00000172  00000-0  00000+0 0  9994
2 27414   2.0135  82.7840 0002610  60.5241 299.7203  1.00272285 56197
NSS-6                   
1 27603U 02057A   17227.64306560 -.00000286  00000-0  00000+0 0  9997
2 27603   0.0180 104.9738 0001656  89.4035  96.3684  1.00271265 53725
AMC-9 (GE-12)           
1 27820U 03024A   17227.73778542 -.00000158  00000-0  00000+0 0  9994
2 27820   0.0965  87.7921 0038878 312.7329  94.2508  1.00206142 51972
AMC-10 (GE-10)          
1 28154U 04003A   17226.65822733  .00000074  00000-0  00000+0 0  9991
2 28154   0.0506 285.5945 0002327 200.4181 299.2037  1.00271753 49563
AMC-11 (GE-11)          
1 28252U 04017A   17226.75740382  .00000055  00000-0  00000-0 0  9995
2 28252   0.0579 286.8829 0002529 217.9881 320.1480  1.00270438 48576
AMC-15                  
1 28446U 04041A   17227.21976062 -.00000104  00000-0  00000+0 0  9990
2 28446   0.0493 288.1682 0002331 230.1823 139.5313  1.00271873 47011
AMC-16                  
1 28472U 04048A   17227.73795903 -.00000223  00000-0  00000+0 0  9998
2 28472   0.0574 287.2377 0002841 233.0012 344.7361  1.00270437 46454
NSS-10 (AMC-12)         
1 28526U 05003A   17227.34771513 -.00000266  00000-0  00000+0 0  9995
2 28526   0.0583 285.7442 0002904 235.8296 250.0927  1.00271893 45952
ASTRA 1KR               
1 29055U 06012A   17227.13874317  .00000105  00000-0  00000+0 0  9998
2 29055   0.0927 275.2900 0003893 274.7228 202.8381  1.00270326 41371
AMC-18                  
1 29644U 06054B   17227.55948708 -.00000106  00000-0  00000+0 0  9992
2 29644   0.0567 281.5938 0002519 220.2518 278.7788  1.00273945 39198
ASTRA 1L                
1 31306U 07016A   17227.73587706  .00000103  00000-0  00000+0 0  9992
2 31306   0.1020 292.3108 0001510 276.7903  39.3180  1.00270386 37678
ASTRA 4A (SIRIUS 4)     
1 32299U 07057A   17226.88448704  .00000018  00000-0  00000-0 0  9994
2 32299   0.0589 284.7894 0002476 220.1503 141.7797  1.00272872 19334
AMC-21                  
1 33275U 08038B   17226.58809184  .00000022  00000-0  00000+0 0  9993
2 33275   0.0523 287.7649 0002460 236.5728 245.6642  1.00272352 33096
ASTRA 1M                
1 33436U 08057A   17227.73587706  .00000102  00000-0  00000+0 0  9993
2 33436   0.0404 277.2704 0004990 279.3642  51.5448  1.00273863 32117
CIEL-2                  
1 33453U 08063A   17227.47624184  .00000042  00000-0  00000+0 0  9995
2 33453   0.0413 275.7006 0003001 242.3514 208.6019  1.00272017 31796
NSS-9                   
1 33749U 09008A   17227.80040242  .00000055  00000-0  00000+0 0  9991
2 33749   0.0512 291.4717 0001979 213.9120 290.1903  1.00271382 31205
SES-7 (PROTOSTAR 2)     
1 34941U 09027A   17227.70118730 -.00000361  00000-0  00000+0 0  9995
2 34941   0.0207  76.6949 0002504 155.1263  93.1140  1.00268236 30253
NSS-12                  
1 36032U 09058A   17226.94301934  .00000057  00000-0  00000+0 0  9998
2 36032   0.0350 284.3473 0002500 221.0184 214.6484  1.00272382 28576
SES-1                   
1 36516U 10016A   17227.23342028 -.00000130  00000-0  00000+0 0  9996
2 36516   0.0576 285.9204 0002156 212.2169 168.7153  1.00271678 26762
ASTRA 3B                
1 36581U 10021A   17227.70231249  .00000120  00000-0  00000+0 0  9996
2 36581   0.0408 341.3007 0002907 167.0697  92.2355  1.00273691 26282
SES-3                   
1 37748U 11035A   17227.27360299 -.00000117  00000-0  00000+0 0  9995
2 37748   0.0457 285.3793 0002012 218.8556 175.1278  1.00271308 22326
ASTRA 1N                
1 37775U 11041A   17226.62980104  .00000106  00000-0  00000-0 0  9991
2 37775   0.0475  18.4244 0003571  72.0075 118.7027  1.00272074 12166
SES-2                   
1 37809U 11049A   17227.38008491 -.00000211  00000-0  00000+0 0  9998
2 37809   0.0420 284.5126 0002132 213.2049 236.0819  1.00271212 21651
QUETZSAT 1              
1 37826U 11054A   17227.42962571 -.00000257  00000-0  00000+0 0  9996
2 37826   0.0574 288.5009 0002690 209.1225 264.0634  1.00271178 21739
SES-4                   
1 38087U 12007A   17227.06760178 -.00000183  00000-0  00000+0 0  9992
2 38087   0.0186  19.1929 0001854 126.5813 180.2149  1.00271377 20115
SES-5                   
1 38652U 12036A   17227.40809873  .00000018  00000-0  00000+0 0  9992
2 38652   0.0449 273.5418 0002005 228.3910 333.9573  1.00270476 18701
ASTRA 2F                
1 38778U 12051A   17227.02278115  .00000135  00000-0  00000+0 0  9995
2 38778   0.0886 249.3861 0003610 305.3506 165.2504  1.00272976 17928
SES-6                   
1 39172U 13026A   17226.89910433 -.00000275  00000-0  00000-0 0  9994
2 39172   0.0431 292.3484 0001770 219.8905  94.4259  1.00270924 15366
O3B FM5                 
1 39188U 13031A   17227.47124368 -.00000021  00000-0  00000+0 0  9994
2 39188   0.0546  15.2681 0008203 145.5437 199.2186  5.00115901 75641
O3B FM4                 
1 39189U 13031B   17226.56373162 -.00000020  00000-0  00000-0 0  9992
2 39189   0.0388 345.8160 0002984  51.3692 322.8351  5.00115775 75611
O3B FM2                 
1 39190U 13031C   17227.13840224 -.00000021  00000-0  00000+0 0  9996
2 39190   0.0414 339.7128 0003524  50.3722 329.9347  5.00115709 75613
O3B PFM                 
1 39191U 13031D   17227.16172942 -.00000021  00000-0  00000+0 0  9995
2 39191   0.0480   9.2756 0003547 103.0570 247.7046  5.00115879 75627
ASTRA 2E                
1 39285U 13056A   17227.02205757  .00000135  00000-0  00000+0 0  9997
2 39285   0.0584  31.2113 0002095 101.9582 226.8457  1.00271028 14223
SES-8                   
1 39460U 13071A   17226.83773908 -.00000284  00000-0  00000-0 0  9992
2 39460   0.0555 276.0376 0002448 214.5464 229.4352  1.00270431 12147
ASTRA 5B                
1 39617U 14011B   17226.83655465  .00000140  00000-0  00000-0 0  9998
2 39617   0.0736 296.1045 0003911 213.4636 146.5244  1.00268948 12300
O3B FM3                 
1 40079U 14038A   17226.27404988 -.00000020  00000-0  00000+0 0  9998
2 40079   0.0435 356.7643 0004786 157.0478 206.2120  5.00115805 56576
O3B FM7                 
1 40080U 14038B   17226.22871011 -.00000019  00000-0  00000+0 0  9998
2 40080   0.0415 355.3630 0003097 151.6850 212.9711  5.00115427 56597
O3B FM6                 
1 40081U 14038C   17226.25164545 -.00000019  00000-0  00000-0 0  9990
2 40081   0.0425 356.2783 0003556 153.8719 209.8699  5.00114869 56449
O3B FM8                 
1 40082U 14038D   17226.49621229 -.00000020  00000-0  00000-0 0  9996
2 40082   0.0404 352.7239 0003406 131.1853 236.1229  5.00116018 56569
O3B FM10                
1 40348U 14083A   17226.51827326 -.00000020  00000-0  00000+0 0  9999
2 40348   0.0468   3.3001 0002091 162.2799 194.4257  5.00115856 48537
O3B FM11                
1 40349U 14083B   17226.54010868 -.00000020  00000-0  00000-0 0  9999
2 40349   0.0470   6.2701 0001919 144.8504 208.8898  5.00115701 48527
O3B FM12                
1 40350U 14083C   17227.00688508 -.00000020  00000-0  00000+0 0  9994
2 40350   0.0462   5.6158 0002347 135.5132 218.8875  5.00115478 48559
O3B FM9                 
1 40351U 14083D   17227.58404434 -.00000021  00000-0  00000+0 0  9993
2 40351   0.0482   5.9964 0002287 151.8092 202.2037  5.00115535 48594
ASTRA 2G                
1 40364U 14089A   17227.02287121  .00000135  00000-0  00000+0 0  9999
2 40364   0.0460 303.5705 0003427 149.0707 267.3956  1.00269698  9655
SES-9                   
1 41380U 16013A   17226.80084292 -.00000360  00000-0  00000-0 0  9998
2 41380   0.0494 283.9854 0001334 215.1915 220.8310  1.00270838  5122
SES-10                  
1 42432U 17017A   17227.28620751 -.00000288  00000-0  00000+0 0  9999
2 42432   0.0086  44.6138 0001924 118.4831 196.9069  1.00277218  1413
SES-15                  
1 42709U 17026A   17225.45955340 -.00000085  00000-0  00000+0 0  9993
2 42709   2.3725 217.2028 4401183 214.3758 106.3141  1.34035285  1677
