ISS (ZARYA)             
1 25544U 98067A   17227.85056329  .00001318  00000-0  27157-4 0  9996
2 25544  51.6422 100.8943 0005587 142.2085 301.9401 15.54154828 71036
TIANGONG 1              
1 37820U 11053A   17227.80253172  .00027437  00000-0  13329-3 0  9991
2 37820  42.7570 194.1806 0018093 144.9458 288.4797 15.81622668337409
AGGIESAT 4              
1 41313U 98067HP  17227.78277454  .00020655  00000-0  13099-3 0  9998
2 41313  51.6405  56.1663 0002522  18.8944 341.2149 15.76497722 88322
NODES 2                 
1 41477U 98067HX  17227.46790227  .00105322  15318-4  31842-3 0  9995
2 41477  51.6239  52.9949 0003054 286.6278  73.4393 15.92046146 71487
NODES 1                 
1 41478U 98067HY  17227.79026584  .00095859  14540-4  30777-3 0  9995
2 41478  51.6280  52.2071 0002842 285.3051  74.7640 15.90944639 71528
FLOCK 2E'-1             
1 41479U 98067HZ  17227.78804406  .00016220  00000-0  13041-3 0  9994
2 41479  51.6345  71.9965 0001729 114.4084 245.7094 15.71128737 71224
FLOCK 2E'-3             
1 41480U 98067JA  17227.81887988  .00014747  00000-0  12028-3 0  9992
2 41480  51.6344  71.4735 0001159 154.9663 205.1392 15.70873046 71224
FLOCK 2E'-2             
1 41481U 98067JB  17227.80212403  .00014421  00000-0  11333-3 0  9993
2 41481  51.6327  69.8039 0001553 103.0074 257.1098 15.71790699 71237
FLOCK 2E'-4             
1 41482U 98067JC  17227.74499003  .00018105  00000-0  12595-3 0  9994
2 41482  51.6312  67.8928 0000969 224.1931 135.8991 15.74464512 71255
FLOCK 2E-1              
1 41483U 98067JD  17227.81807590  .00011456  00000-0  99481-4 0  9999
2 41483  51.6363  73.0220 0001094 234.0967 125.9929 15.69625225 71069
FLOCK 2E-2              
1 41484U 98067JE  17227.80839523  .00013699  00000-0  10971-3 0  9997
2 41484  51.6373  70.7241 0000738 247.3587 112.7333 15.71387971 71099
FLOCK 2E-3              
1 41486U 98067JG  17227.83684757  .00011180  00000-0  96517-4 0  9993
2 41486  51.6355  74.6361 0000823 262.9727  97.1177 15.69800112 71064
FLOCK 2E-4              
1 41487U 98067JH  17227.80706696  .00011258  00000-0  97544-4 0  9995
2 41487  51.6359  72.9123 0001822 312.6408  47.4435 15.69704040 71085
FLOCK 2E-6              
1 41563U 98067JM  17226.84092941  .00009531  00000-0  89185-4 0  9997
2 41563  51.6351  80.7117 0002037  97.7120 262.4108 15.68026202 68968
FLOCK 2E-5              
1 41564U 98067JN  17227.81124783  .00010224  00000-0  95514-4 0  9990
2 41564  51.6356  75.9508 0001733 106.0737 254.0451 15.67966725 69101
FLOCK 2E-7              
1 41565U 98067JP  17227.81274005  .00015292  00000-0  12065-3 0  9993
2 41565  51.6347  70.6592 0002593 357.0412   3.0570 15.71637985 69078
FLOCK 2E'-5             
1 41567U 98067JR  17227.83821933  .00009520  00000-0  92641-4 0  9991
2 41567  51.6365  77.6540 0003450  14.9534 345.1564 15.67045250 68959
FLOCK 2E'-6             
1 41568U 98067JS  17227.80731274  .00011600  00000-0  10285-3 0  9992
2 41568  51.6350  74.3917 0002879  15.6553 344.4533 15.69099226 69020
FLOCK 2E'-8             
1 41569U 98067JT  17227.83538904  .00016752  00000-0  12999-3 0  9998
2 41569  51.6347  70.0604 0000457 330.1657  29.9315 15.71950902 68968
FLOCK 2E'-7             
1 41570U 98067JU  17227.79250696  .00063490  00000-0  40695-3 0  9999
2 41570  51.6345  66.0186 0001579 278.8086  81.2735 15.75662852 69032
FLOCK 2E-9              
1 41571U 98067JV  17227.80256333  .00016361  00000-0  12236-3 0  9991
2 41571  51.6350  69.1051 0001784   7.2777 352.8247 15.72850954 68957
FLOCK 2E-10             
1 41572U 98067JW  17227.77691120  .00014959  00000-0  12153-3 0  9994
2 41572  51.6352  71.9503 0002719   2.1458 357.9551 15.70953547 68912
FLOCK 2E-12             
1 41573U 98067JX  17227.74424758  .00015879  00000-0  12378-3 0  9994
2 41573  51.6344  70.9601 0002439  20.5238 339.5857 15.71890625 68925
FLOCK 2E-11             
1 41574U 98067JY  17227.03430018  .00021458  00000-0  16434-3 0  9990
2 41574  51.6334  73.6667 0003210  16.5565 343.5538 15.72063498 68824
FLOCK 2E'-9             
1 41575U 98067JZ  17227.81370143  .00018355  00000-0  13367-3 0  9993
2 41575  51.6323  68.3401 0003050  39.7155 320.4066 15.73378682 68953
FLOCK 2E'-10            
1 41576U 98067KA  17227.79345076  .00016893  00000-0  13037-3 0  9997
2 41576  51.6355  70.5696 0003058  34.9794 325.1405 15.72073008 68822
FLOCK 2E'-11            
1 41577U 98067KB  17227.78798806  .00015946  00000-0  12678-3 0  9998
2 41577  51.6359  71.2963 0003104  10.8712 349.2353 15.71412527 68637
FLOCK 2E'-12            
1 41578U 98067KC  17227.79687861  .00018945  00000-0  13947-3 0  9990
2 41578  51.6336  69.7630 0002809 358.8299   1.2693 15.73096858 68653
FLOCK 2E'-13            
1 41761U 98067KH  17227.80785539  .00007238  00000-0  88162-4 0  9992
2 41761  51.6377  90.2758 0007140 123.0261 237.1419 15.61694900 52227
FLOCK 2E'-14            
1 41762U 98067KJ  17227.84990267  .00007594  00000-0  91418-4 0  9996
2 41762  51.6390  89.8366 0006994 123.4704 236.6959 15.61919984 52230
FLOCK 2E'-16            
1 41763U 98067KK  17227.80290214  .00008182  00000-0  96137-4 0  9995
2 41763  51.6391  89.5190 0006329 132.1378 228.0154 15.62433634 52191
FLOCK 2E'-15            
1 41764U 98067KL  17227.82286424  .00007404  00000-0  90416-4 0  9996
2 41764  51.6391  90.4004 0006625 128.7294 231.4293 15.61588734 52186
TIANGONG-2              
1 41765U 16057A   17227.85524231  .00003686  00000-0  52054-4 0  9994
2 41765  42.7831   0.4678 0004155 292.7828 203.3068 15.58310580 52294
FLOCK 2E'-18            
1 41769U 98067KM  17227.80673633  .00006863  00000-0  84111-4 0  9994
2 41769  51.6388  90.2865 0005498 148.3318 211.8007 15.61640370 52182
FLOCK 2E'-17            
1 41776U 98067KN  17227.79668230  .00007431  00000-0  90244-4 0  9993
2 41776  51.6397  90.2421 0005840 150.1688 209.9640 15.61730727 52176
FLOCK 2E'-19            
1 41777U 98067KP  17227.81120998  .00009966  00000-0  10640-3 0  9997
2 41777  51.6374  86.5351 0004764 150.4326 209.6939 15.64624256 52189
FLOCK 2E'-20            
1 41782U 98067KQ  17227.84052635  .00009836  00000-0  10871-3 0  9990
2 41782  51.6387  87.5144 0004884 144.4728 215.6592 15.63750623 52046
BANXING-2               
1 41834U 16057H   17227.76959442  .00008689  00000-0  76838-4 0  9991
2 41834  42.7848 350.8400 0009177 302.9226 208.3597 15.68898672 46467
STARS-C                 
1 41895U 98067KR  17227.80478704  .00020720  00000-0  21785-3 0  9991
2 41895  51.6373  92.5095 0004783 171.3964 188.7114 15.64274582 37315
TANCREDO-1              
1 41931U 98067KT  17226.84124277  .00061336  00000-0  43195-3 0  9995
2 41931  51.6344  91.2695 0005686 147.1336 213.0018 15.73481960 32818
ITF-2                   
1 41932U 98067KU  17227.85186033  .00009968  00000-0  12428-3 0  9994
2 41932  51.6405  95.1091 0006010 130.8724 229.2791 15.60574372 32859
WASEDA-SAT3             
1 41933U 98067KV  17227.48359530  .00011771  00000-0  14152-3 0  9999
2 41933  51.6385  96.3772 0005904 131.9852 228.1646 15.61325238 32809
AOBA-VELOX 3            
1 41935U 98067KX  17227.18741073  .00011834  00000-0  14391-3 0  9990
2 41935  51.6400  98.1655 0005487 132.0244 228.1218 15.61020653 32855
TUPOD                   
1 41936U 98067KY  17227.78835437  .00168113  00000-0  65695-3 0  9991
2 41936  51.6288  81.0103 0004209 205.2705 154.8093 15.85999545 32515
OSNSAT                  
1 41939U 98067KZ  17227.00721233  .00029798  00000-0  28238-3 0  9994
2 41939  51.6373  94.6719 0006572 136.0658 224.0862 15.66650119 32131
LEMUR-2-REDFERN-GOES    
1 42059U 98067LA  17227.82342644  .00010437  00000-0  13559-3 0  9993
2 42059  51.6388  97.1481 0008388 155.4487 204.6907 15.59404497 25311
LEMUR-2-TRUTNA          
1 42067U 98067LC  17226.86084213  .00026833  00000-0  29946-3 0  9994
2 42067  51.6379 100.4662 0007804 152.1851 207.9562 15.62555723 25013
LEMUR-2-AUSTINTACIOUS   
1 42068U 98067LD  17227.80171064  .00012344  00000-0  15505-3 0  9999
2 42068  51.6388  97.0034 0008020 153.5338 206.6066 15.60102260 25246
LEMUR-2-TRUTNAHD        
1 42069U 98067LE  17227.23649933  .00015057  00000-0  19024-3 0  9996
2 42069  51.6398  99.9879 0007722 150.9705 209.1719 15.59745175 25208
ISS DEB                 
1 42434U 98067LF  17227.48633703  .00053940  00000-0  48133-3 0  9993
2 42434  51.6357  95.6148 0005740 140.0603 220.0817 15.67860782 21451
SOYUZ-MS 04             
1 42682U 17020A   17226.49605557  .00001526  00000-0  30302-4 0  9997
2 42682  51.6420 107.6474 0005634 136.8613 283.8615 15.54150342 18076
TIANZHOU 1              
1 42684U 17021A   17227.80182006 -.00000868  00000-0 -64931-5 0  9991
2 42684  42.7840   0.8973 0002901 289.4621 222.7663 15.57899653 18311
ISS DEB                 
1 42697U 98067LG  17227.88355767  .00048410  00000-0  52366-3 0  9998
2 42697  51.6365  97.5331 0006856 152.0825 208.0538 15.63069933 15986
HAVELSAT                
1 42700U 98067LH  17227.85211102  .00009874  00000-0  14041-3 0  9993
2 42700  51.6394  99.5880 0006713 178.6523 181.4488 15.57052358 14236
SOMP 2                  
1 42701U 98067LJ  17227.72981062  .00008473  00000-0  12245-3 0  9997
2 42701  51.6402 100.2740 0006644 178.7469 181.3541 15.56833832 14204
COLUMBIA                
1 42702U 98067LK  17227.80067214  .00020520  00000-0  26482-3 0  9996
2 42702  51.6395  99.2454 0007226 173.2566 186.8525 15.58931038 14155
SGSAT                   
1 42703U 98067LL  17227.82337671  .00016135  00000-0  21571-3 0  9997
2 42703  51.6386  99.3964 0003766 132.8222 227.3088 15.58196172 14144
CXBN-2                  
1 42704U 98067LM  17227.67234940  .00009099  00000-0  13132-3 0  9991
2 42704  51.6397 100.6395 0003129 129.7445 230.3823 15.56773169 14120
ICECUBE                 
1 42705U 98067LN  17227.72913992  .00012825  00000-0  17995-3 0  9991
2 42705  51.6404 100.2735 0003067 129.1537 230.9728 15.57113594 14199
PHOENIX                 
1 42706U 98067LP  17227.72702341  .00008365  00000-0  12067-3 0  9995
2 42706  51.6400 100.2574 0002376 143.6047 216.5107 15.56910693 14124
X-CUBESAT               
1 42707U 98067LQ  17227.79216254  .00009578  00000-0  13700-3 0  9998
2 42707  51.6395  99.9395 0002391 144.5437 215.5714 15.56945227 14127
QBEE50-LTU-OC           
1 42708U 98067LR  17227.73013698  .00009255  00000-0  13283-3 0  9998
2 42708  51.6396 100.2756 0002463 145.3772 214.7380 15.56899801 14077
ALTAIR PATHFINDER       
1 42711U 98067LS  17227.83018502  .00006278  00000-0  95387-4 0  9990
2 42711  51.6396 100.1904 0005343 121.7945 238.3568 15.55995186 13795
SHARC                   
1 42712U 98067LT  17227.82800014  .00005659  00000-0  87040-4 0  9996
2 42712  51.6402 100.1800 0003332 122.3020 237.8294 15.55881069 14038
ZA-AEROSAT              
1 42713U 98067LU  17227.81083728  .00007497  00000-0  11066-3 0  9997
2 42713  51.6399 100.0641 0003302 118.5495 241.5829 15.56461758 13794
LINK                    
1 42714U 98067LV  17227.86752837  .00011790  00000-0  16715-3 0  9994
2 42714  51.6392  99.6905 0003499 125.7440 234.3878 15.56925753 13919
CSUNSAT 1               
1 42715U 98067LW  17227.81685231  .00008083  00000-0  11891-3 0  9994
2 42715  51.6396 100.1013 0005482 114.0873 246.0693 15.56426315 13798
UPSAT                   
1 42716U 98067LX  17227.72634855  .00011060  00000-0  15602-3 0  9994
2 42716  51.6395 100.2496 0005054 177.4907 182.6111 15.57131817 13915
SPACECUBE               
1 42717U 98067LY  17227.86569750  .00008893  00000-0  12851-3 0  9994
2 42717  51.6397  99.6801 0005042 178.5791 181.5216 15.56768212 13175
HOOPOE                  
1 42718U 98067LZ  17227.86049264  .00009541  00000-0  13636-3 0  9991
2 42718  51.6400  99.6466 0005097 177.5258 182.5760 15.56968981 13175
CHALLENGER              
1 42721U 98067MA  17227.86696898  .00012664  00000-0  17722-3 0  9996
2 42721  51.6393  99.6855 0008493 163.2622 196.8651 15.57174880 12873
NJUST-1                 
1 42722U 98067MB  17227.89291578  .00007397  00000-0  11026-3 0  9994
2 42722  51.6397  99.8597 0008198 164.5904 195.5339 15.56201966 12876
UNSW-ECO                
1 42723U 98067MC  17227.88216008  .00009617  00000-0  13896-3 0  9993
2 42723  51.6401  99.7894 0008174 163.4204 196.7057 15.56641820 12852
DUTHSAT                 
1 42724U 98067MD  17227.87357328  .00011997  00000-0  16926-3 0  9995
2 42724  51.6395  99.7310 0007444 164.9172 195.2043 15.57020591 12774
LILACSAT-1              
1 42725U 98067ME  17227.83096764  .00008807  00000-0  12979-3 0  9996
2 42725  51.6399 100.1972 0007194 166.1709 193.9481 15.56236081 12764
NSIGHT-1                
1 42726U 98067MF  17227.84635133  .00006462  00000-0  99339-4 0  9998
2 42726  51.6403 100.3008 0007017 167.0349 193.0824 15.55607508 12775
SNUSAT-1                
1 42727U 98067MG  17227.12369402  .00010246  00000-0  14974-3 0  9999
2 42727  51.6390 103.7187 0008924 128.9269 231.2520 15.56242590 12620
QBITO                   
1 42728U 98067MH  17227.88473739  .00008925  00000-0  13009-3 0  9991
2 42728  51.6403  99.8090 0004374 168.1457 191.9638 15.56527752 12587
AALTO-2                 
1 42729U 98067MJ  17227.88456853  .00008523  00000-0  12453-3 0  9996
2 42729  51.6399  99.8062 0004362 168.4007 191.7086 15.56531430 12596
SUSAT                   
1 42730U 98067MK  17227.88703897  .00007962  00000-0  11720-3 0  9993
2 42730  51.6398  99.8215 0004438 166.8162 193.2946 15.56437086 12588
I-INSPIRE II            
1 42731U 98067ML  17227.88050292  .00010691  00000-0  15330-3 0  9992
2 42731  51.6392  99.7720 0008418 120.5640 239.6184 15.56710513 12637
POLYITAN-2-SAU          
1 42732U 98067MM  17227.88286984  .00009133  00000-0  13260-3 0  9991
2 42732  51.6392  99.7875 0008373 120.0575 240.1248 15.56583961 12634
SNUSAT-1B               
1 42733U 98067MN  17227.88799370  .00009026  00000-0  13187-3 0  9999
2 42733  51.6393  99.8225 0008251 121.2883 238.8918 15.56431545 12634
EXALTA-1                
1 42734U 98067MP  17227.88023182  .00009750  00000-0  14035-3 0  9998
2 42734  51.6394  99.7717 0009975 142.0522 218.1174 15.56713837 12582
AOXIANG-1               
1 42735U 98067MQ  17227.89126941  .00007466  00000-0  11099-3 0  9996
2 42735  51.6397  99.8479 0008847 161.7768 198.3543 15.56254281 14000
BEEAGLESAT              
1 42736U 98067MR  17227.89055459  .00008456  00000-0  12443-3 0  9996
2 42736  51.6395  99.8433 0008778 160.9030 199.2292 15.56328847 12699
ATLANTIS                
1 42737U 98067MS  17226.88545131  .00021772  00000-0  29036-3 0  9998
2 42737  51.6384 104.3786 0009160 155.2407 204.9026 15.57995030 12438
PROGRESS-MS 06          
1 42756U 17033A   17226.49605557  .00001526  00000-0  30302-4 0  9993
2 42756  51.6420 107.6474 0005634 136.8613 283.8615 15.54150342  9517
ISS DEB (ROSA)          
1 42813U 98067MT  17226.90114006  .00021711  00000-0  31064-3 0  9996
2 42813  51.6391 105.2351 0006184 135.1367 225.0125 15.56124870 70897
SOYUZ-MS 05             
1 42898U 17043A   17226.49605557  .00001526  00000-0  30302-4 0  9991
2 42898  51.6420 107.6474 0005634 136.8613 283.8615 15.54150342  2618
DRAGON CRS-12           
1 42904U 17045A   17227.56154348 -.00003600  11380-4  00000+0 0  9997
2 42904  51.6162 102.1648 0117584  56.4443 304.8094 15.98893514   142
