METEOSAT-7              
1 24932U 97049B   17226.62730098 -.00000103  00000-0  00000+0 0  9996
2 24932  10.7198  36.8245 0008631 311.6940  48.3230  0.98309681 73013
NOAA 15                 
1 25338U 98030A   17227.51327220  .00000029  00000-0  31000-4 0  9991
2 25338  98.7817 238.5411 0011279  39.8201 320.3804 14.25810897  1466
METEOSAT-8 (MSG-1)      
1 27509U 02040B   17227.00711030  .00000126  00000-0  00000+0 0  9998
2 27509   4.9380  58.1273 0000876 193.8233 115.5133  1.00275142 54881
KALPANA-1 (METSAT 1)    
1 27525U 02043A   17226.05273256 -.00000090  00000-0  00000+0 0  9997
2 27525   6.4426  54.8581 0012588 225.9766 134.0701  1.00270220 54668
INSAT-3A                
1 27714U 03013A   17227.36365455 -.00000196  00000-0  00000+0 0  9990
2 27714   1.2766  87.7541 0011865 229.9513 123.2208  0.99812058 52567
NOAA 18                 
1 28654U 05018A   17227.49209278  .00000019  00000-0  35549-4 0  9999
2 28654  99.1801 251.1481 0013249 265.1532  94.8126 14.12344983630626
METEOSAT-9 (MSG-2)      
1 28912U 05049B   17227.25839413  .00000045  00000-0  00000+0 0  9992
2 28912   2.3133  71.2730 0000670  44.3041 310.5587  1.00269360 42715
HIMAWARI-7 (MTSAT-2)    
1 28937U 06004A   17227.87543714 -.00000260  00000-0  00000+0 0  9995
2 28937   0.0644 290.0045 0003963 219.2882 275.3120  1.00270204 41997
FORMOSAT-3 FM6          
1 29047U 06011A   17227.49636620  .00000005  00000-0  18101-4 0  9995
2 29047  71.9786  66.1708 0049632  48.9086 311.6321 14.28593150593236
FORMOSAT-3 FM1          
1 29048U 06011B   17227.47786969  .00000038  00000-0  31504-4 0  9994
2 29048  71.9690 338.2949 0044171   3.5932 356.5512 14.28528017595716
FORMOSAT-3 FM5          
1 29049U 06011C   17227.88261592  .00000055  00000-0  37961-4 0  9992
2 29049  72.0209 143.2628 0034105  39.1913 321.1684 14.28579145591557
FORMOSAT-3 FM3          
1 29050U 06011D   17226.86399382  .00000075  00000-0  26313-4 0  9991
2 29050  72.0161  37.1447 0049019  48.8359 311.7006 14.58536112605129
FORMOSAT-3 FM4          
1 29051U 06011E   17227.48270089  .00000045  00000-0  33790-4 0  9997
2 29051  72.0055  48.0446 0069884 277.8722  81.4485 14.28602730594083
FORMOSAT-3 FM2          
1 29052U 06011F   17227.20289492  .00000040  00000-0  32078-4 0  9999
2 29052  72.0348 119.7459 0040302   2.4795 357.6533 14.28698413592369
GOES 13                 
1 29155U 06018A   17227.30790513 -.00000265  00000-0  00000+0 0  9997
2 29155   0.0495 269.0198 0003362 212.2334 238.7769  1.00265817 41151
METOP-A                 
1 29499U 06044A   17227.13019645 -.00000016  00000-0  12698-4 0  9993
2 29499  98.6733 285.7478 0001631  58.4915 326.2902 14.21504596561514
FENGYUN 2D              
1 29640U 06053A   17227.46924381 -.00000377  00000-0  10000-3 0  9993
2 29640   4.5580  64.1090 0005683 318.5295 234.0728  1.00266806 39197
FENGYUN 3A              
1 32958U 08026A   17227.91020789 -.00000009  00000-0  15202-4 0  9992
2 32958  98.4044 253.5969 0010813 104.1358 256.1020 14.19669119477801
FENGYUN 2E              
1 33463U 08066A   17226.95263502 -.00000213  00000-0  00000-0 0  9996
2 33463   2.2863  67.6463 0004171 205.4499 119.8011  1.00265872 31714
NOAA 19                 
1 33591U 09005A   17227.50036174  .00000089  00000-0  73360-4 0  9990
2 33591  99.0979 195.1849 0015020 104.1776 256.1064 14.12202309439034
GOES 14                 
1 35491U 09033A   17227.39076881 -.00000107  00000-0  00000+0 0  9996
2 35491   0.4220 274.0491 0008999 297.7217 148.1715  1.00273947 29796
METEOR-M 1              
1 35865U 09049A   17227.77102791 -.00000010  00000-0  14066-4 0  9995
2 35865  98.4200 246.8035 0002159   6.4850 353.6356 14.22116227410576
GOES 15                 
1 36411U 10008A   17227.47477229  .00000073  00000-0  00000+0 0  9994
2 36411   0.3941 275.5112 0005423 258.3915 186.1004  1.00266990 27321
COMS 1                  
1 36744U 10032A   17226.82931207 -.00000358  00000-0  00000+0 0  9996
2 36744   0.0197  91.4962 0000921  91.9214 206.7691  1.00271265 26285
FENGYUN 3B              
1 37214U 10059A   17227.75463840 -.00000003  00000-0  21445-4 0  9992
2 37214  98.9002 186.5990 0016893 333.7853  26.2463 14.15857117350971
ELEKTRO-L 1 (GOMS 2)    
1 37344U 11001A   17226.49916964 -.00000288  00000-0  00000+0 0  9998
2 37344   2.5527  77.7666 0003071 277.8841  82.3108  1.00178933 24090
SUOMI NPP               
1 37849U 11061A   17227.23660571  .00000000  00000-0  20957-4 0  9996
2 37849  98.7372 165.1597 0001136  53.9545  81.9464 14.19535166300461
FENGYUN 2F              
1 38049U 12002A   17227.25884667 -.00000373  00000-0  00000+0 0  9997
2 38049   1.8308  78.2344 0004232 206.9265 243.9443  1.00268047 20521
METEOSAT-10 (MSG-3)     
1 38552U 12035B   17227.10056861 -.00000017  00000-0  00000+0 0  9998
2 38552   0.8417 359.4399 0002146 156.0643 204.5045  1.00276911 18854
METOP-B                 
1 38771U 12049A   17227.16758383 -.00000020  00000-0  10701-4 0  9998
2 38771  98.6739 286.3402 0002100  81.8561 300.0113 14.21506375254651
FENGYUN 3C              
1 39260U 13052A   17227.74671164 -.00000022  00000-0  98390-5 0  9995
2 39260  98.6448 296.0596 0001259 105.3777 254.7540 14.19652794201834
METEOR-M 2              
1 40069U 14037A   17227.88770238 -.00000017  00000-0  11994-4 0  9993
2 40069  98.6494 281.3575 0006622  49.3192 310.8554 14.20644182161035
HIMAWARI-8              
1 40267U 14060A   17226.71128584 -.00000290  00000-0  00000-0 0  9996
2 40267   0.0101 136.8843 0000745  36.2848 186.8300  1.00269359 10386
FENGYUN 2G              
1 40367U 14090A   17227.74007633 -.00000347  00000-0  00000+0 0  9997
2 40367   0.3262 246.7407 0003300  17.6170  70.9390  1.00279507  9674
METEOSAT-11 (MSG-4)     
1 40732U 15034A   17226.77035512 -.00000041  00000-0  00000-0 0  9993
2 40732   1.7266 237.6881 0000954 299.6120  59.9534  1.00275690  7677
ELEKTRO-L 2             
1 41105U 15074A   17227.29632666 -.00000113  00000-0  00000+0 0  9992
2 41105   0.0226 327.3314 0001682 286.3353 252.9800  1.00273118  6154
HIMAWARI-9              
1 41836U 16064A   17226.71086808 -.00000289  00000-0  00000+0 0  9994
2 41836   0.0085 302.3882 0000964 256.6521 160.9542  1.00272365  2936
GOES 16                 
1 41866U 16071A   17227.34797746 -.00000200  00000-0  00000+0 0  9998
2 41866   0.0051 272.6782 0000455 304.2988 143.0171  1.00272025  2744
FENGYUN 4A              
1 41882U 16077A   17227.08726535 -.00000345  00000-0  00000+0 0  9991
2 41882   0.1181 106.7696 0008032 338.8897  14.1826  1.00269779  2612
CYGFM05                 
1 41884U 16078A   17227.76133795  .00000379  00000-0  22365-4 0  9998
2 41884  34.9574  15.5742 0015903 156.7759 203.3673 15.13622352 36879
CYGFM04                 
1 41885U 16078B   17227.76370699  .00001575  00000-0  86191-4 0  9991
2 41885  34.9507  14.5197 0014224 157.0211 203.1138 15.14083050 36883
CYGFM02                 
1 41886U 16078C   17227.78580823  .00000403  00000-0  23490-4 0  9998
2 41886  34.9599  14.8665 0014923 156.3245 203.8155 15.13921779 36887
CYGFM01                 
1 41887U 16078D   17227.83417697  .00000396  00000-0  23276-4 0  9996
2 41887  34.9542  15.1629 0016276 158.1473 201.9935 15.13603110 36887
CYGFM08                 
1 41888U 16078E   17227.81018089  .00001739  00000-0  95653-4 0  9997
2 41888  34.9513  14.9129 0015375 158.0656 202.0716 15.13810825 36870
CYGFM06                 
1 41889U 16078F   17227.80863207  .00000417  00000-0  24084-4 0  9999
2 41889  34.9593  14.0914 0013652 155.8731 204.2622 15.14185763 36885
CYGFM07                 
1 41890U 16078G   17226.87022318  .00000358  00000-0  20846-4 0  9993
2 41890  34.9530  19.5847 0013354 148.2971 211.8547 15.14275285 36748
CYGFM03                 
1 41891U 16078H   17227.52423978  .00000385  00000-0  22321-4 0  9994
2 41891  34.9563  15.5054 0012898 154.2449 205.8906 15.14281624 36847
